2.430066500269667529e-05 5.473848945658499332e-05 4.391530056333525778e-04 7.663312398964450267e-05 6.063664688560344018e-04 1.881299977972705761e-04 2.957616045720090625e-04 5.469001971292186681e-06 4.125500264298143094e-04 7.050173330098719049e-04 2.558011345563659944e-04 8.631905534306483219e-05 1.216077264456494333e-04 1.358125223189787789e-04 2.337724852259359665e-04 1.966695272809237949e-04 6.740795333737281680e-05 1.725053125378739338e-04 4.276006589143399594e-06 9.089708319727218822e-04 2.217824064485451885e-04 3.799157145243370337e-04 2.380697199411141440e-04 2.766121863750914400e-05 3.269055397131515051e-04 5.568371940098959527e-04 3.065347345025948300e-04 7.038946440911519886e-04 6.333854126361337933e-05 1.132879256569019333e-04 6.421692301139536596e-06 2.547536599041277938e-04 3.773688797732432931e-04 5.543651989141640257e-04 3.753137204869361199e-04 6.839250291501564050e-05 6.186806308781100938e-04 8.903131412851816862e-05 8.260438590483865084e-04 3.485365722752931106e-04 3.188223820591584712e-04 2.344459298891932164e-04 2.987681669350816804e-04 5.791896797058271318e-06 4.161346986992775498e-04 1.334613577543830587e-04 1.408229437838137699e-04 7.816575985120088887e-04 1.018803274419610716e-04 3.227204549158813052e-04 3.334339772578243100e-04 3.124268978775823769e-04 2.870766495617349534e-04 3.156313570582547356e-04 2.565318369165403567e-04 3.457258474273139370e-04 2.792335749024488223e-04 6.546374600038262770e-04 1.239571612001721945e-04 2.038080205652992305e-04 1.810976166407574084e-04 2.583973998613320333e-04 1.824776367942426702e-04 3.188560124375294791e-04 1.128003536382649052e-03 1.419858379287930461e-04 6.395430066641338840e-06 7.910408610596331158e-04 3.022021601488678044e-04 4.127244155716081053e-04 2.089438462411496999e-04 2.412665068396435686e-04 3.617365065489153153e-04 2.473197927861381373e-04 3.064198079130164842e-04 6.589349609587014100e-05 3.637037345072258177e-05 4.143611425531101844e-04 6.315359745112658629e-04 3.025066615454097274e-04 4.778534042737536680e-05 4.520216124543896541e-04 1.664890991679435217e-04 4.796179634609654130e-04 4.004657565983560374e-04 7.205030439494386485e-04 5.739630887093838396e-04 5.209877746468194459e-04 2.203690522516454919e-04 4.828275140162929802e-04 2.895844211854292638e-04 7.058532776511583506e-04 3.115079653224217537e-04 1.802101620465013099e-04 1.675980817194000494e-04 5.140968749863805698e-04 2.055020596831713675e-04 3.970082910722538827e-04 8.479586734333466325e-05 4.037062606592201064e-04
1.159339001045589512e-04 2.998523923103402211e-05 8.302558702255602441e-05 9.819806159749866481e-05 9.242634710515673646e-05 1.037342251424266948e-04 7.490898592510397691e-05 1.079644767432164087e-04 1.973269393629184520e-05 9.078502457904313871e-05 3.661202879223779405e-04 9.269415236601297181e-05 5.392385939484434232e-05 8.602690392756073834e-05 2.419817664645051991e-05 2.610817610324556171e-04 1.086161158210252609e-04 3.238041079822728818e-05 2.630176829649943926e-04 2.073270157125772784e-04 6.841670920243458909e-06 8.575683335854122902e-05 1.262115472189240251e-05 5.196041166044551574e-05 7.751916387821466969e-05 1.709932114533074810e-04 7.801646630634095914e-05 1.165119478581111423e-04 7.774994397502510424e-05 2.033515353732084918e-04 3.235192196537894915e-05 2.074229516164649567e-04 9.496328683078480992e-05 9.819339676020444330e-05 4.726449260150644704e-05 2.171833449815530059e-05 1.769601973129475425e-04 2.892435381141034156e-05 8.239942565269053887e-05 9.284224440420096869e-05 2.658682146934321366e-04 2.219024071201669557e-04 5.078707450900665776e-05 3.029857762166798807e-04 1.599870820838678043e-04 1.178310376019897632e-04 1.364167982536024226e-04 8.093018943933216747e-05 1.716529342976613748e-05 1.441847676342256079e-05 9.530019194292638218e-05 7.562061531130037650e-05 1.433203970908625280e-04 1.730636289827280905e-04 1.468506960311533049e-05 2.850744143829686550e-04 1.802102004988537232e-05 5.514583662147298782e-05 3.867920044497985543e-05 7.567472843472700106e-06 9.240367712370911590e-05 1.260367494184677639e-04 2.834164484182277732e-04 4.715423759837911177e-05 2.609749830526642000e-04 8.936654065250237977e-05 6.300275619564033036e-05 1.486824427263666593e-04 1.962787719429481825e-04 1.208705932389531057e-04 2.623038423976709055e-05 6.005971789946329409e-05 4.209865057314132741e-05 3.771138363539705551e-05 1.870963323933327871e-04 1.196856565697235197e-04 9.473160414930070772e-05 8.659154612233876946e-06 7.637500894730475665e-05 2.718134039283448544e-04 1.009579492754486552e-04 1.516611454626115574e-04 2.242544660224776720e-04 1.478735803486230793e-04 6.793657709613931672e-05 1.397164593404109922e-04 1.663148976089878772e-04 2.496134830789475956e-04 5.845062478926354999e-05 3.000864463564845153e-05 4.666942035047583204e-05 2.633918102266097350e-04 8.524542409027446865e-05 2.176599793335398658e-05 2.833397812611604394e-04 1.771268559997984937e-04 1.846288579583355016e-04 2.226978449624272827e-04 7.045571924324534052e-05 7.757636676886114913e-05
6.251425021686074501e-05 1.101146047675083395e-04 1.631162261503948940e-04 6.583673218729657606e-05 3.102018627321179167e-05 1.146589375089490659e-05 5.683494444008729829e-05 2.344947524024476593e-05 9.761680470732336801e-05 2.108629280583862453e-05 1.004302892404496106e-04 1.275070501447483906e-04 1.262398071992798521e-04 1.190411779392608338e-04 1.304384438376438027e-04 3.740487523851143692e-05 4.080986668464348099e-05 2.491751264499519891e-05 4.183816491254432890e-06 8.692270890264808259e-05 1.131858502914084852e-04 1.081825013531378943e-04 2.764775503982797034e-05 1.249598762431691767e-05 1.690132317744286183e-05 6.371604858101953539e-05 8.485292789583986917e-05 1.040513804670961662e-04 8.746090135058892656e-05 4.056033731614228088e-05 1.745398124686214913e-05 5.499112807738626429e-05 9.955913202874810963e-05 1.928135124495966579e-05 6.171739737337311738e-05 1.126967352094165875e-04 3.022504985539242739e-05 8.156842130380148603e-05 3.168998663150013329e-05 1.000358316598504160e-04 9.317554041921027874e-05 7.647806019361880203e-05 1.151804713928061830e-04 1.478886245707133895e-04 4.768527370369035623e-05 5.554354695092023064e-05 9.930165260407797234e-06 9.987104466313567741e-05 5.038050973960039869e-05 2.575219520650762206e-05 5.929866318421517235e-05 3.118253379241764378e-05 1.142185703533193930e-04 6.183052372743524927e-05 2.511079612843580833e-05 6.603571864038926265e-05 1.036454025435951110e-04 1.005904660302814335e-04 6.385604502279207395e-05 2.132613384309145488e-05 9.723487891699633678e-05 1.712101846162994434e-05 1.035647480509549467e-04 7.526731550666632131e-05 1.433808302715444682e-04 3.118585816963559409e-05 8.051290251098741635e-05 9.468274403179322007e-05 4.871924387650494737e-05 1.197156533025989233e-04 4.652671372396000038e-05 1.281414787956958179e-04 1.464138045017548961e-04 4.035487783182745147e-05 1.363301820231921369e-04 8.687992737121952302e-06 1.011314693497578077e-04 4.637675095331417197e-05 2.867169697307048182e-05 1.045832954083003585e-04 7.522913794555385891e-05 5.093226658536842422e-05 1.123985003816940775e-04 1.245240847449480270e-04 1.565669120973112172e-05 1.605839143814513648e-05 5.674258654519981349e-05 4.277445475553420806e-05 1.092470269727918719e-04 1.541351970317794695e-04 3.792692410242715084e-06 5.895632654850935239e-05 7.499082039408300204e-05 7.457395960686064029e-05 8.149102854737577672e-05 8.559069725611045953e-05 3.092940647131392495e-05 8.492075164023837885e-05 9.662827908774040964e-05 7.207125746844234015e-05
2.417543347865702685e-05 2.450659113217845686e-05 1.918739943240765911e-05 6.175685274922848578e-05 5.238403146301529034e-05 2.563488649620637716e-05 9.035849919025729093e-05 1.465984986137591761e-05 6.370941477817915199e-06 3.120671116341178219e-05 2.454669472895520954e-05 3.403761453513176605e-05 9.274095438271956482e-06 5.834860062003954795e-06 1.107946536027526463e-05 1.892344345055807509e-05 2.298579654969046260e-05 2.737352104043022649e-05 5.749368445218117074e-06 3.116613681330981933e-05 9.321750718349619547e-05 3.130763255354551688e-05 1.240634366217463480e-05 2.587766478101549694e-06 1.352618099093039206e-05 9.157409180837738916e-06 1.344422917248788707e-05 2.297692649144700283e-05 3.497875273761330561e-06 5.264152163753088587e-05 4.196467597594732979e-05 5.923389586803828877e-05 2.806849027758850923e-05 5.474589574250288138e-05 1.925352789611256554e-05 4.043048463664433712e-05 3.346249983660065652e-05 7.595047711350666475e-05 3.829878746186565763e-05 5.000062415327910514e-06 6.562722750635963109e-05 2.238102120633023162e-06 3.516409722004176786e-05 7.646679723793958772e-05 4.181576886752580435e-05 4.157604512489143644e-05 1.200037556070565614e-05 2.459453604441996788e-05 1.237673212017842417e-05 4.886403910497882919e-05 1.392521973830884718e-05 5.499308442269423836e-05 4.124302582186878396e-05 1.667645650516025313e-05 5.205561926135970907e-05 2.851169749940041243e-05 1.262615864250360431e-05 4.587100786213049730e-05 1.938090036401884930e-05 8.900114510534962164e-05 2.101518148833747546e-05 3.348501874023135372e-05 6.844724676957625320e-05 3.346159773465195997e-05 2.342519273668131063e-05 1.074217029151114389e-05 4.416164046749937455e-05 1.371399321403732330e-05 2.121276829669671571e-05 2.879415526346740251e-06 1.782360520641290691e-05 1.588694465326501160e-05 1.211192271755034966e-05 2.363091847112919197e-05 3.024883226543373382e-05 5.547423494145498069e-05 8.627178879949681800e-06 1.475624953461984745e-05 3.130517081739725427e-05 4.283074246624885006e-05 2.466692449010210453e-05 3.337915830958770869e-05 7.539140808754396517e-05 8.564431210777989634e-05 1.119433417418047583e-05 3.577608876992321996e-05 1.817777115864505078e-05 8.406489788703730426e-05 4.409358865697932117e-05 5.877990224667506425e-06 2.354106583579707035e-05 4.577810822636863008e-07 6.017104974431752851e-05 3.027687303691628529e-05 6.699176054780764389e-05 3.658143397189395074e-05 4.617505223247775348e-05 5.595130767921396853e-06 3.663934341746610812e-05 2.499661860499990951e-06
2.309291862578888299e-05 5.564054162743303777e-06 1.527552618796335082e-05 1.943941285276196140e-06 3.213347334085625562e-05 3.386841871400037007e-07 8.050895217159848016e-08 1.367011337438661656e-05 1.160355819052050208e-05 1.405826030032031326e-05 4.668735489765651892e-06 7.663427906812181334e-06 8.802528166151901701e-06 2.880760278656246953e-05 9.672960734841140606e-06 1.160285911638858636e-05 1.028216016063510097e-05 1.322209652609984687e-05 1.338553405150211262e-05 1.850368061262486208e-05 1.501149033256155008e-05 2.406854962777593698e-05 2.567002311493205013e-05 2.251278578757620608e-05 2.168516999412339885e-05 1.772820266876529161e-05 1.415466118659391981e-05 2.585112119590782243e-05 2.561684208357561943e-05 1.626779088137464413e-05 1.150527023241476599e-05 1.196062804353914544e-06 2.375944400001550605e-06 3.024789516592463201e-05 1.543374846668665867e-05 1.444608943390601752e-05 1.099703674267704656e-05 2.536903419425584616e-05 5.348587363562806729e-06 1.277217373718553262e-05 2.570190290684948309e-05 2.065411326557242688e-05 9.867691304954462339e-06 7.844467833306723037e-06 8.892068136479025497e-06 9.738500633127422645e-06 2.774991273102322964e-05 2.524101306500270425e-05 1.501344957888228748e-05 1.243481638035781600e-05 3.116887172005533557e-05 8.626305568970593640e-06 3.271476822375163351e-05 1.041732770268311015e-05 2.136720734613462014e-05 1.242753992714007438e-05 9.226402823969692690e-06 2.155639000656073279e-05 7.778015143178329538e-06 3.197994560322214852e-05 2.718479828112130292e-05 2.362960289103988032e-05 3.108620286118579656e-05 1.692819223242381099e-06 2.258636344154574260e-05 1.844324263633456695e-05 1.668629423712264526e-05 2.042458329820640017e-05 1.408998727026045117e-06 1.541327887766286153e-05 1.231601187778874618e-05 2.096763996417561060e-05 9.052088684513570627e-06 2.356257155300411910e-05 2.202148499375056190e-05 9.252577175211662563e-06 8.212744153746065479e-06 3.992294181354161253e-06 1.101789822377519101e-05 5.498170285722636663e-08 1.679312626556850319e-05 5.204015054327548739e-06 1.905170964122682165e-05 1.784938180049433498e-05 1.113041571276784936e-05 1.342291295269859575e-05 2.669693504664394368e-05 2.682097212391987284e-05 2.020725644014120803e-05 1.694352726477887927e-05 9.913680566686622342e-06 1.566967694766052688e-05 1.801351768493386629e-05 6.277409088095708967e-06 3.595111563803321530e-05 3.853971899170360871e-06 1.863514624544926335e-05 1.755043230500241691e-05 3.009583519175684785e-05 1.596484401999997971e-05
6.952291071948835111e-06 4.863269051247343100e-06 5.284504024483105411e-06 1.236434360096794194e-05 7.807275456350737386e-06 4.061731082694031159e-06 1.309856250020224877e-06 7.660361574624019454e-06 1.315920033539974554e-05 4.824262420655145434e-06 7.965770581930264882e-06 1.088558871931155636e-05 7.224598069122123434e-06 8.620206804699215297e-06 1.233642446785143676e-05 1.477789302606336008e-05 8.154846920960245882e-06 2.846877763085231550e-06 9.024438362481568277e-06 1.874067361273823451e-05 1.237325457847937571e-05 1.398417189601985910e-05 2.395727853876650215e-06 1.164454564162031858e-05 1.124502826621576190e-05 1.598960285087436262e-05 1.177875596136690461e-05 1.444774393455361405e-06 1.294736572932109198e-05 1.355031070870982290e-05 1.467543623290268329e-07 9.402760189347603159e-07 1.250028167565364612e-05 3.648345556217513774e-06 2.120042731801330405e-05 8.036216922024941312e-06 4.794120592732653563e-06 1.775833156636430488e-06 5.094504156533119499e-06 1.235008895750233648e-05 5.179001463018195750e-06 4.952736613828001566e-06 2.254229456433165524e-06 1.720919744374604932e-05 7.695722324951859150e-06 5.376537453027907532e-07 1.192557028162344324e-05 1.490043510321559239e-05 9.646623663983611152e-06 1.698893231139031457e-05 1.257199741966363860e-05 1.674482514535391431e-06 1.192592403798098388e-05 6.089344009030384086e-07 2.063621649706082195e-05 8.474095023580652253e-06 1.762996021947849101e-06 9.850841501402030076e-06 1.847706249014091640e-05 9.518383787709971955e-06 7.243637210052611408e-07 1.444815813156363760e-05 5.123842362619868140e-06 6.133771564220680261e-06 2.231007597441880819e-06 9.055364511567631780e-07 1.647309300778498908e-05 4.189048558811414580e-06 1.153695072975136071e-05 1.382887682421785058e-05 9.688071013203014559e-07 3.919349364944757497e-06 5.357792932758620452e-06 8.132540412320032885e-06 1.725344391856342696e-05 9.692971193242527761e-06 3.805639837484164900e-06 9.059008414191715985e-06 1.350789060494683724e-06 2.884058702301572907e-06 8.531324926508432327e-06 1.123289418591966182e-06 9.049566447871804087e-06 1.570858811739128669e-05 6.284997895567023818e-06 6.979528988870775663e-06 5.709671876186206418e-06 1.481546280712731090e-05 1.968755168457736460e-05 5.867263717207471529e-06 9.501874723705228121e-07 1.040896607218400050e-05 1.927050311323341703e-06 5.786368967419797116e-06 5.144455154315608070e-06 5.978084012370210587e-06 1.850453543372765353e-05 2.119750164297773409e-05 4.792244417406443802e-06 1.227003343939880864e-05
2.252431528293463714e-06 2.852213659143565394e-06 6.916376542154267781e-06 6.022436160990629617e-06 5.484087448714980439e-06 2.260889510830033089e-06 4.226265105322646320e-06 3.295926033208829153e-06 8.322070594868336002e-07 5.549490997180939189e-06 4.720864709928385139e-06 1.297480332174139050e-06 8.865719343109645934e-06 3.897068857616758919e-07 2.589228117688691100e-06 9.746434188051544822e-06 3.001907720068253127e-06 2.056207286882383301e-06 1.896942399826073711e-07 2.421228885163273503e-06 5.408411170471083551e-06 8.107577889049366604e-07 5.738113177944370591e-07 2.974456005944148274e-06 2.514909957840316679e-06 6.439986777739825641e-06 2.118408982898500881e-06 2.872826638800063392e-06 7.449334061826462516e-07 1.161184999920461536e-05 2.253296436327545393e-06 1.107802344302299957e-07 1.292180430889633413e-05 4.224042676970185539e-06 8.693464192965905113e-07 1.051416765707191558e-05 6.487717900682810068e-06 1.168618080960026617e-05 6.231356552199862620e-06 5.230557949320591149e-06 6.707558733998197908e-07 9.076216502479361736e-06 6.536454585592821331e-06 3.341133201772983341e-06 6.630759642800576614e-06 1.034755390261210550e-07 4.308224007765204533e-06 1.017862016505777234e-05 9.358190274921796004e-07 2.362072610950782803e-06 7.301612560128845075e-06 4.971402903675148366e-06 6.085427702084977852e-06 2.522076295141673086e-06 5.021076059374962597e-06 5.107028618667186493e-06 5.217899051723762227e-07 3.499473925083762538e-07 2.785901126789447346e-06 5.828050347211899407e-06 4.194545968005947145e-06 2.079761994400186609e-06 2.238081082683862633e-06 2.822541795732824710e-06 1.553990458535992047e-06 4.819629462304853007e-06 1.870490959787751706e-06 4.096513756879360812e-06 3.724561970730455585e-06 6.172970017037648915e-06 9.555804362348929715e-06 7.972574288528377906e-06 9.335680339894736335e-08 4.361940909691774948e-06 5.010589197440573628e-06 1.530824622508752952e-06 7.668993899256904001e-06 1.238548116955229261e-06 5.861368374326936248e-06 3.512180211440174560e-06 1.642842059612625860e-06 6.841468017548812952e-06 2.814979086385172025e-06 2.689906543063003141e-07 2.863405767050686279e-06 1.072762043097252871e-05 1.925777704969711124e-06 7.843428048825984433e-06 6.046466639597625203e-07 1.635482668072008039e-06 1.744197558939397652e-06 6.567578750282798694e-06 1.648124486663959942e-06 3.996299750674836559e-06 2.934162999235212510e-06 1.027939792808130193e-05 2.987673850651795249e-06 2.263332761653913394e-06 8.081859822928194603e-06 4.421637305518366645e-06
2.130743017914049631e-06 3.271199878751573920e-07 7.119903030483598627e-07 1.177972814847549898e-06 3.240684524064008087e-07 1.241708944776931389e-06 1.000378508253518817e-06 3.091047573677840887e-06 1.023064032823484126e-06 5.089179411221778082e-08 1.385166290446271375e-06 1.087725411408335674e-06 7.602614616741831810e-07 1.695809130675129950e-06 1.973440428515438327e-06 1.331112088331920518e-07 3.506897413574350253e-07 3.232539271813550386e-07 1.373658189529614049e-06 2.632097350629969412e-06 1.014929398523989335e-06 3.502584292491839335e-06 2.697770907000851537e-06 2.513654191793612824e-06 1.782393494353939900e-06 2.545753785332394159e-06 3.644305374694845057e-06 3.763412633750462533e-07 1.235960871426300400e-06 1.955156330391005781e-06 8.396388888609607193e-07 1.516570912629688905e-06 3.494205172094311251e-06 8.835788227745666745e-07 1.182770119845244494e-06 3.888429632947776327e-06 6.323407230057753736e-07 8.180682870007061069e-07 2.405217135015291774e-06 3.244040436278794459e-07 8.563688143059522417e-07 1.336391537098968740e-06 3.712112748299745135e-07 3.326551445637093707e-06 2.389726401319514082e-06 5.067206822917391662e-06 2.203025705971306536e-06 1.992544422568798268e-06 3.155096811591207029e-06 8.045433961267889345e-07 2.479124405985189128e-06 6.965596225372294725e-07 4.551542605590874757e-06 5.441401356165442849e-07 2.230275874981479944e-06 1.553018532662875373e-06 1.003416898570641536e-06 4.059973472969602426e-07 2.820937461067707375e-06 1.355946916747896580e-06 3.237618463325375728e-07 1.374452662794567459e-07 1.073884645208522670e-06 2.670455960807061047e-06 7.970158720782549722e-07 1.002486378798295164e-06 2.216183320857822991e-06 1.332848326041080611e-06 1.956211984732725284e-06 2.370635981963076233e-06 3.690530154809579244e-07 4.278838087623526576e-06 5.692154065872756519e-07 2.799895673089025649e-06 1.718948042239709650e-06 2.743724095588540024e-06 2.006878269011913574e-06 1.048430045003101441e-07 2.255893112312890025e-07 2.173717624009974259e-06 3.945956936535210957e-06 2.249476471205547057e-06 7.811122467726860918e-07 1.988461553192877318e-06 2.195304896313032827e-06 8.351851646937191731e-07 1.601570117748529753e-06 5.338134516641446226e-07 3.438587564685846587e-07 1.731994882736564989e-06 2.410300472988069487e-06 3.969260766512050509e-06 5.489934850055888660e-07 1.178217872155329360e-06 2.554759059747446770e-06 1.117646560633289710e-06 6.113536843432854084e-08 1.150842917518879460e-06 3.205899103742027023e-06 2.072596770319456994e-06
3.776710334468802444e-07 3.206156514390379186e-06 2.232894083520342576e-06 8.837911553705168899e-07 4.618884333895678651e-07 3.157972870426739576e-06 3.417435218144859732e-07 6.508553340722755820e-07 1.218078922171628165e-06 1.312413146381530282e-06 1.932477960986389576e-07 7.450908484640805796e-07 7.202860976551761496e-07 2.337677952324312969e-07 4.784314354688845583e-07 2.800607597941429106e-06 2.910898250552129696e-06 5.990680045364626949e-07 1.568097198978435358e-06 1.622883368357364020e-06 2.299376505643380142e-06 1.138508534337390188e-06 3.488094404091590661e-06 6.057956107863304851e-07 4.227836322145961390e-07 1.602947144019317705e-06 1.885832490167160813e-09 1.043276579237861768e-06 1.511572458201548841e-06 1.360380944226413646e-06 7.758006453917332124e-07 4.731895184573176039e-07 5.725785708898811777e-07 2.001667110951288464e-06 2.884250727919202006e-06 1.377060422691478436e-06 5.414336772258110386e-07 5.436969811034586542e-07 2.449050314434764175e-06 2.165212447113873395e-07 1.613199613781368669e-06 1.104275100916041197e-06 1.535892268922367521e-07 4.211097789363904553e-07 2.362581143500186442e-06 7.568836712934512434e-07 5.418889426067607928e-08 1.677894853391315166e-06 2.214064250272151924e-06 1.914308129791209012e-06 1.679676601806789904e-06 8.509219995289640792e-09 1.591531524347544746e-07 1.454583355320338001e-06 1.439063075592272867e-06 2.539037590953974188e-06 1.453226480818692323e-06 7.561034339742533916e-07 5.098146867998920584e-07 2.026657923037689102e-06 4.944255381778006608e-07 4.421403099197362963e-07 2.865780338590084853e-07 3.429464102699952832e-07 5.271934817585588462e-07 6.777045490347077816e-07 3.256815397367773812e-07 1.044313279963127172e-06 1.812800568767869436e-06 1.566551805720628465e-06 2.971064922974164801e-06 2.129934318473303279e-06 5.766096463633019198e-07 4.156644128894271262e-07 2.103644664241954843e-06 1.116508622334144718e-06 1.981717934751436871e-06 9.254943349468192082e-07 1.527432657799643323e-06 1.383934558174537699e-06 8.926039558598830581e-07 2.499623720120247583e-06 1.280052466245962250e-06 2.480183917352718481e-06 1.822713017962662718e-06 1.243093999958588824e-07 1.067547757971354372e-06 4.205105521903895749e-06 1.812684416235832430e-06 3.564009124490397085e-07 1.993881884265746862e-06 1.165778139577966499e-06 1.733204542997413000e-06 1.008153873272021883e-06 4.809958920048984510e-07 7.213150348128749556e-07 7.449663785852322917e-08 7.484366687515731087e-07 1.960477295614992954e-06 1.838123548258963069e-06
4.431963609441424978e-07 2.637698426233292537e-06 6.353194570429820942e-08 2.851500969791587181e-07 1.150573816222077994e-07 2.565242301244552436e-06 1.229881064768179044e-06 1.643716826982277723e-06 1.471157778931697635e-06 2.169852034161756649e-06 5.652973046332832041e-07 1.858910730900831254e-07 8.187143714089017976e-07 2.278644853137556936e-06 1.944951286803053847e-06 5.797662971929185005e-07 2.855464427353737733e-06 9.257973030418753524e-07 6.242541729095663072e-07 9.467495576398476942e-07 2.162695016405535853e-06 1.139190389243260881e-06 1.143693394656253304e-06 1.364568454897963079e-06 1.146758870418373988e-06 2.697222992398273789e-06 3.435216360259119028e-07 1.262510944788353129e-06 5.478590401342131599e-07 1.392716105774738367e-06 9.368748248306246751e-07 6.045279863364783068e-07 8.870174397213048678e-07 7.277888941503718456e-07 1.561836531993598953e-06 9.553591885369527859e-07 8.126133450581107809e-07 1.888587816134545960e-07 3.355611423172533136e-07 1.679027315626413497e-06 8.345808373277918690e-07 1.051295499099325070e-06 2.386186379377264188e-06 1.856641331787756144e-07 8.505765494160044682e-07 7.504452594897514928e-07 1.724490735433015232e-06 1.610770091642343971e-06 3.594867661327327824e-07 1.105786907151795617e-06 1.006636302980368214e-06 1.437757856437293924e-06 8.376414717403690702e-08 6.975804600628521257e-08 1.960139049184128623e-06 1.736603129076641494e-06 1.315318532979503630e-07 6.524726116063916947e-07 7.454887157587464230e-07 1.718667354988490104e-06 1.802336096479173477e-06 2.584948560757638347e-07 1.907350205665458986e-06 7.851082842735834788e-07 1.659462033343217513e-07 1.540040445391355206e-06 1.071980110345371884e-06 1.224632433127759157e-06 1.111803124453913938e-06 1.313974159589115231e-06 9.126147634264114572e-07 4.696464296349844858e-07 1.371958027629460730e-06 1.793364746371928220e-06 2.590031353943977876e-06 5.647618517290453610e-08 1.405019712907851215e-06 1.513012818921133373e-06 1.872495350552227933e-06 2.741737488820561452e-06 2.032769559123792646e-06 1.657525628750988744e-06 3.862545117083726609e-07 1.036997196557365442e-06 5.292446213500667795e-07 1.080006306608538580e-09 8.094654407875268021e-07 2.701536757854228199e-06 2.031991439443991965e-06 5.484786025355958827e-08 2.142253397230398093e-06 3.946628780449046303e-07 1.880992748448662155e-06 1.096679143497425457e-06 1.646662643350893518e-06 3.199499325479138179e-07 1.130315375630353003e-06 2.834408961982504138e-07 4.164008380325157077e-07 1.031242966575973696e-06
8.268740211425651410e-07 6.814277777600352692e-07 1.579991599998109564e-06 3.239688564637965840e-06 4.719038915190765238e-07 4.227562292458131310e-07 6.628570756728180413e-07 4.667869404340052597e-07 7.953548653016895287e-07 9.686372500761208926e-07 2.013035567016707716e-06 1.696902020897894658e-06 7.508712419612706412e-07 2.448406595245700146e-07 3.415428054820424109e-07 9.659743861467617876e-07 1.569935783152232034e-06 1.742317192743314536e-06 3.533144972145407792e-07 7.866300758552213779e-07 1.429228823179862218e-06 4.332188604516673536e-07 9.711137350931764445e-07 3.542192547056899343e-07 4.660908380360595515e-07 1.336407350782664594e-06 1.591497122754859106e-06 5.929535404902708251e-07 1.229896683052622564e-06 6.148878126666090793e-07 8.020818412779462392e-07 5.872418320507222234e-07 1.772187550708181902e-06 1.136236510879129469e-06 3.501713163878150681e-08 1.658847433083643352e-06 6.243174214271007827e-07 2.005988586017970476e-06 6.138988710713277897e-07 1.976811930148869578e-06 4.810538665189767471e-07 9.464957393401363106e-07 2.000118372924575283e-06 2.630774589285067577e-07 1.215113722974336952e-07 1.284113979038714604e-06 8.165271914162275380e-07 7.414677311023964990e-07 1.300080576971396340e-06 7.500109173719238242e-07 9.344378995024271717e-07 2.247376240660514668e-07 1.076981320013992161e-06 1.297672036493224823e-08 1.767396787810682213e-07 1.258069408094364405e-06 1.004515255531579498e-06 1.467188127879381909e-06 4.421044037528076842e-07 1.558525219880202428e-06 3.016380930587203579e-06 1.894829881887716283e-08 6.596688516546933556e-07 1.029980881694925188e-07 2.229238118545140424e-07 1.123497798127814917e-07 1.807676504150812491e-06 2.367402348268932144e-06 1.060492791360445608e-07 2.258847494718274618e-06 5.704089715008464623e-07 1.317289880842231753e-06 1.862605616298473876e-06 5.614860576486080390e-08 7.761407413431342661e-07 6.610304472687289490e-07 1.504844412858474811e-06 1.465784434606653974e-06 2.809249075030884057e-06 8.474141653946887232e-07 1.487758230833691186e-06 1.476115602305760888e-06 1.058217908300740362e-06 1.146720961631153557e-06 7.796320269370937694e-07 5.426259300778113470e-07 7.888224499152940439e-07 3.295781625389793135e-07 9.992345053611018102e-07 1.065307823955308208e-06 2.941146940438343904e-07 1.078177297109128574e-06 2.440378867540893282e-06 1.687965637375832273e-06 1.077930295800832994e-06 1.600491705500139972e-06 4.423941840636658185e-07 4.317560911015760894e-07 8.026639353175823999e-10 2.081246176621753818e-06
9.923086357055410645e-07 1.510102713764283067e-06 2.683471448383656366e-07 3.804649656435898919e-07 1.104028043097393663e-06 7.649167481638130539e-07 2.459068201621228411e-06 3.579098283301718197e-07 7.171155514962279653e-07 6.870551244597677965e-07 1.426990214770107457e-06 2.374033025054345103e-06 9.717619267046728737e-07 2.709301970549304883e-07 7.851060088714945095e-07 2.475323496398118550e-06 9.050014176947840383e-07 9.556815742106650191e-07 9.479724467631456264e-07 2.509570825592888355e-07 3.427446928494504164e-07 6.923523704349676677e-07 5.440026611402970502e-07 1.186698525779128488e-06 1.934745043841168410e-06 1.738590370559123244e-06 1.476324612781354517e-06 5.435926582197936341e-07 2.012540121221206846e-07 1.062013524122384922e-06 5.413736116066658610e-07 5.550262229814251214e-07 4.724356655882999689e-07 1.750297160318936562e-06 1.537741589507923834e-06 8.173428756030887143e-07 1.420448560107701041e-06 1.032749607499106048e-06 4.561775683864510711e-07 1.396115839380485113e-06 9.390148832943978618e-07 9.151849089672481341e-07 1.847423878431619926e-06 8.132576171382410735e-07 8.016843511260418609e-08 1.778237953886652178e-06 1.940014040524573602e-06 5.206675031121932307e-07 9.191315610834749350e-07 5.160496215905752138e-07 4.879130361956640627e-07 6.297686784284550754e-07 1.058529493502824437e-06 1.187942027747190821e-06 1.467762223872348670e-06 1.302056664265194286e-06 1.235652322462144070e-06 1.528152058560827697e-06 6.997174163414499048e-07 1.841508605271435783e-06 8.814483341001988492e-07 4.561109577805311233e-07 8.542860367999338678e-07 9.474932338715547075e-07 6.943531895009513732e-07 4.404837695703989198e-07 3.836314068639268271e-07 9.395207789530957143e-07 4.701803703044404870e-07 1.446355532452869852e-06 9.793729265350492597e-07 4.137796713044039620e-07 1.079617341082084181e-06 1.555278987930286405e-06 3.395542693684916458e-07 1.205075705335012515e-06 5.796015104531093698e-07 9.641996050469003876e-07 7.403395599903106472e-07 1.080518527318830024e-06 6.299093373574038424e-07 1.119519310588401595e-07 1.610173859800667628e-06 1.225325308107372280e-06 6.165185761908276163e-07 6.560243149822397868e-07 6.981445809239872347e-07 3.724802770666002516e-07 3.323726109893954117e-07 1.197809744390987419e-06 9.950807483560808464e-07 1.973462512294688054e-07 4.465881213722155962e-07 2.524894734956539821e-06 7.170552427382403948e-07 1.478209297967048030e-06 1.197264218433247152e-06 1.043495019614759656e-06 1.086164274077816572e-07 1.112765135702353803e-06
3.912531385541484497e-07 1.578636761312424142e-07 1.409023608789361504e-06 3.451297510004280866e-07 1.747417874065071430e-06 5.126637647734355596e-08 1.450928041157872883e-06 7.348096168202644662e-07 2.034052971389144204e-06 2.454638455273716602e-06 2.803308760679357192e-07 1.371310987874352350e-06 6.118415156741718874e-07 1.594854989184213423e-06 9.394532110018616322e-07 2.634338894025312072e-06 3.218982215225096866e-06 2.155576217077737056e-06 3.280953969841959861e-06 7.633078051849651047e-07 2.849925961889709924e-08 1.924654233431688510e-06 2.090256141840107773e-06 6.665908299785527902e-07 1.242067545037528475e-06 1.927390338107848322e-06 1.209672735313915837e-06 2.040134323033626629e-06 1.265661098148740393e-06 1.863285304826156619e-06 7.777902456540530807e-07 5.601276268363264421e-07 6.189043820770123716e-07 5.433123430043096391e-07 1.154405045888928782e-06 1.268450597113890410e-06 1.500703274204262527e-06 4.137123844616397150e-07 1.039904103161681803e-06 9.487165306687472821e-07 1.834290422775275431e-06 7.070294386624098593e-07 9.635667852503360109e-08 1.059098934885760457e-06 1.573600438176114835e-06 1.965321771990602429e-08 9.537195524433883520e-07 1.340806280669681883e-06 1.531863746184747299e-06 7.319392021365445089e-07 2.150420812752074085e-06 1.022856989552067830e-06 2.075804622303500935e-06 1.374220278016480279e-06 5.857403194697852200e-07 5.333304713417419407e-07 1.444784083148853426e-06 6.469158142508035780e-08 2.580883572189662800e-06 7.067524667725422205e-07 1.679084737915559344e-07 3.588431207734998907e-07 1.978256202073147563e-06 1.771493650659650143e-06 1.213736057104064514e-06 9.785001915396662753e-07 1.649893263566681867e-06 1.697692389335259122e-06 9.668173672761071202e-07 1.253877836560057801e-06 8.983538848372774055e-07 5.606107429390050356e-07 1.920098503083167429e-06 8.077096214087475801e-08 4.451146097261826640e-07 1.889621427442200741e-06 1.874681127000954461e-07 1.308523114196269432e-06 5.294725284876733440e-07 1.339563370228447070e-07 8.770403111535429730e-07 1.171716792591759315e-06 1.856290185342501786e-06 6.922951965027124288e-07 1.955581828694263891e-07 1.488552032413714699e-06 1.280573585282773763e-06 6.712549543985701916e-07 7.143074071125354862e-07 1.582283563505981760e-06 2.652536032932140131e-06 1.087645855157859387e-06 1.419909637423444337e-06 1.379156066017017679e-06 9.261588428399747386e-07 7.468646245900600888e-08 1.773523357062600780e-07 1.928921808280747996e-06 1.482395039831274630e-06 2.438549318251048703e-06
1.503987453466137936e-07 4.115932737969174582e-07 9.209182230129897562e-07 6.501597753505450328e-07 8.243747865455119950e-07 3.379571671402459287e-07 7.160733531685892217e-07 9.793987063577702656e-07 9.410420886979409261e-08 1.771562895491740619e-06 9.228043726938750524e-07 8.247541037897931915e-07 8.598226732825509089e-07 4.516278829802544692e-07 8.099659348781429458e-07 6.561181793429682330e-07 3.651467261889251859e-07 8.058804694677235148e-07 8.904155849309702830e-07 1.748369018894635474e-06 2.143236005336390804e-07 2.739560961417808471e-07 1.436381122932317567e-07 6.141304597084840111e-07 1.496344019913387058e-06 6.420615943358853883e-07 7.921892337670044526e-07 2.473627798038613435e-06 9.693788927123137000e-08 6.228194774360318320e-07 1.246826540901579961e-07 1.211857265537297224e-06 6.403842287561190005e-07 1.434353957829870296e-08 6.023230393337186683e-07 5.781691687634094023e-07 1.016686073773698240e-06 1.495378009197523284e-06 3.446127061490500409e-07 1.906981119681461223e-07 1.083571716686826392e-06 2.702120628361726062e-07 4.917343394694739800e-07 6.211114215171065212e-07 1.546141758290708879e-06 2.170782892330080927e-07 1.249067830055849981e-06 1.317740068174089174e-07 1.436384955422198573e-07 8.256758543545572593e-07 1.484857634403979887e-06 1.922386488883986999e-07 1.548778084670132671e-07 1.901953051053340005e-06 1.416336754989089286e-06 4.295262613362993420e-07 1.276238747016655850e-06 1.299050720771077749e-06 6.059699305671628622e-07 1.093395209483816188e-06 4.382339331421292172e-07 4.712217470670410080e-07 3.603973330879028936e-08 2.084150392267503094e-07 3.966351285189517739e-07 2.747783131029635229e-07 1.434020443502603825e-06 5.331618326831488730e-07 6.942934842601999890e-07 9.411781320967094189e-08 1.575119456198592616e-06 9.054758902671267151e-07 8.254265254636905524e-07 1.384413137461848464e-06 1.276726923293836080e-06 2.117691065839366615e-07 1.780810521934128587e-06 1.171519953158117744e-06 8.304017407034791631e-07 5.019649660376046540e-07 8.493770536910361102e-07 1.217387236573941323e-06 5.683763455444079682e-07 4.681812404427887486e-07 2.001605468704426016e-06 5.188677716372325222e-07 4.236124856449308140e-07 1.262878008834178445e-07 5.450275329943465863e-07 1.187408624980790250e-06 1.786568495365514764e-06 6.667363745549437226e-07 9.713424753421406876e-08 1.239013069254113475e-06 4.328784519724848678e-07 5.216706647770408267e-07 2.735882674853584717e-07 1.070721010743014290e-06 1.001701907976659811e-06 9.169366799177680605e-08
5.020576708814061817e-07 1.525578701144780780e-07 4.101198303185782379e-08 8.653722175511191494e-07 1.287849972997356929e-06 4.795665773382751240e-07 5.493426269431722631e-08 1.443637127618302429e-07 1.178871969376160678e-06 5.718697699830244119e-07 3.536286274918865047e-08 5.725959097979682610e-07 1.376928976282165706e-06 4.066538462632607320e-07 4.807917696192376411e-07 9.589771754470177711e-07 3.925882507971323321e-09 1.142261932818300352e-07 6.330169813884012342e-07 9.600757042704799460e-07 5.438625869658153533e-07 5.475763722451176818e-07 7.660745776627564396e-07 5.737199636479672904e-07 1.421488712405327703e-06 4.757314124859135518e-07 1.389551204322714284e-06 4.189795765885406809e-08 2.660767246531747787e-07 6.152024575323267186e-07 4.489003588847850779e-07 6.230628144532346369e-07 5.014985271500904673e-07 7.960674974771819734e-08 2.155978121587409646e-07 1.946726454371550119e-06 1.374536096387934947e-06 1.307249896775886100e-06 7.875774454824124859e-08 4.419508699005092467e-07 1.147712155979974114e-06 2.691820979450199047e-07 5.612110540731407582e-07 9.602649448936517729e-07 9.703168557528840665e-07 1.434397273736287559e-06 2.036097397350999927e-07 3.318972584542834170e-07 4.263844600727040302e-07 5.527624147294574186e-08 1.460333631797539056e-08 8.130658527560896687e-07 1.902723848923315586e-06 1.145531276613986904e-06 8.765703475299702063e-07 4.418725940702472599e-07 3.485149447923774346e-07 1.557299912913201467e-06 1.329787000514670581e-07 9.311949962231835798e-07 1.446893703738183490e-07 2.413217661256794599e-07 1.376228879301777397e-06 1.372126447463095644e-06 3.974387434713122502e-07 2.973156670860177542e-06 1.460338996173149440e-06 3.637817289625644435e-07 3.857837541643149848e-07 1.127440982018335092e-06 3.158600998531824189e-07 3.544321325321675431e-08 1.122991322821675908e-06 8.216384176362723224e-07 3.389147407162340642e-07 1.633062479688973667e-07 9.788940013022440212e-07 5.018976764192828455e-07 1.763714050917464249e-06 8.646469351614172183e-08 5.634017330446994265e-07 2.706894431936390788e-07 1.122931784003355915e-06 2.400128188417838260e-07 1.752312049907445157e-06 9.969541894250255609e-07 1.814829806434659076e-07 2.284046941358752747e-06 2.458972065966236187e-07 7.624159081842662999e-09 1.402372265868478962e-06 6.909467576976524583e-07 1.545325851060042055e-06 3.639199485094835040e-07 8.023155586567298769e-07 1.289564641737683814e-07 6.362307142238066149e-07 7.408725402058280451e-07 1.010662875611245681e-07 1.855137443662613350e-06
1.169351686591824091e-07 4.355683573820101628e-07 9.667611378105789299e-09 3.421503530498526402e-07 3.458978653503308465e-07 1.716307045374065865e-07 2.728750680969227460e-08 2.495168894833810214e-07 2.588856978791298502e-07 3.606172257475392939e-07 6.185009546744169029e-07 1.052080842445235476e-07 5.017193015488530250e-07 4.705113219038992156e-07 1.293408653180172507e-06 5.128073573557045961e-07 7.253272934493182333e-07 4.291170376813369103e-07 3.736542517618346437e-07 1.127040453963168432e-06 5.038367646426067381e-07 9.060074225297753969e-07 5.551632812350604240e-07 5.725085938657059614e-07 7.153699677076019725e-07 6.062786168659073383e-07 6.298273408367194293e-07 1.924379777751283882e-07 7.583465910787623443e-07 5.319270925951968820e-07 7.817078411243016944e-07 1.977729069402300865e-07 1.230663797535669346e-07 7.346473913649731458e-07 1.038114241791454617e-06 1.024552583106519421e-06 4.246414606612347598e-07 4.592700254546500105e-07 5.377115009919108957e-07 5.164517763445175547e-07 5.423489624067912018e-08 6.231106580711909260e-07 3.750865684715165571e-07 8.701122864440691274e-07 6.245504595714379548e-07 1.243085452906633748e-06 6.505929236455543219e-07 1.342729105457962646e-06 4.835119338242321874e-07 7.914634059247305231e-08 4.100889849922850772e-09 3.028198032328788258e-07 3.825266571277907701e-07 9.774640931103917296e-07 7.508742155826197973e-07 1.109577258295857405e-06 5.851528117606363821e-07 1.457482646793906156e-07 2.107689062169626482e-07 3.896699081185062141e-07 3.097629792669920334e-07 1.101804737446698823e-07 4.723200081047096432e-07 1.032017137414520391e-06 2.102213888521831109e-07 1.327210669144207600e-07 1.281217520965327594e-07 2.211791230832815813e-06 8.021773856281555481e-07 4.218109855846918776e-07 1.223454934695666907e-06 5.874648051351627487e-07 9.299799397233243781e-08 8.173690851931425527e-07 8.711406661587872691e-07 1.840570239552974385e-07 6.558252750865634084e-07 7.986249379587917474e-07 9.259770318292837032e-07 5.257814380543734956e-07 6.359922528620387538e-07 1.357317093719778711e-06 3.142985091075800597e-07 1.718330899236342191e-06 4.094727324988056694e-07 3.723118161547134264e-07 6.019445162319669862e-07 4.083169289348376196e-07 1.755730925090404071e-07 2.491028154860686072e-07 3.306724905005609116e-08 3.324021009554201100e-07 4.854816494370695068e-07 6.080184850043579559e-07 1.196532728453547634e-08 6.125518750010883196e-07 4.435636303812273695e-07 3.614850703215211070e-07 3.394185222882484254e-07 1.189884423213882769e-06
2.410281304543460124e-07 1.114494175613600646e-06 7.690626815382017867e-07 7.813101312592607428e-07 1.785064773773825664e-07 8.036898510033196885e-07 8.132892851397954814e-07 8.053530775598005675e-07 9.884066058951646028e-07 3.498866107953801929e-07 2.356075956555514495e-08 5.767848600957137251e-07 4.544114349247507789e-07 1.044714694420356693e-06 8.795710848552573680e-08 2.866665618217467681e-07 1.695815681879153658e-06 1.226004442411721129e-07 9.413232801014359552e-07 5.306811782235243413e-07 8.085917045930202107e-07 3.711794973604298775e-07 1.767744736147491835e-07 2.409675695647095495e-07 2.905984752832324602e-07 3.256795571005000056e-07 4.428072791773374206e-07 9.996332953621234196e-07 1.831288107823070277e-07 5.846283748223157772e-07 4.137592019004543431e-07 2.195840936858317605e-07 9.416619561886108158e-08 4.868363998600244713e-07 3.177749093863369012e-07 3.234727515843971446e-07 1.012732238514502114e-06 7.623891211672173540e-07 3.239297955426323483e-07 1.415943760796345430e-06 4.278020726555809006e-08 1.927244684951645581e-07 5.368466208244271343e-07 4.591794511288327385e-08 2.260525000519209016e-08 5.603984015722929257e-07 2.070734720360789538e-07 5.445491998434803804e-07 5.788384715987859863e-08 8.433849377764701671e-07 3.633304601624587349e-08 3.079748237544421841e-07 7.258664171949646970e-07 2.073362144194845769e-07 3.241779605867023406e-07 8.325908331663356421e-07 8.997808369493043301e-07 5.846267305820163074e-07 3.290921449794481646e-07 2.267142683587408669e-07 4.650830033314790057e-07 3.433584933043576370e-07 4.369045475405286538e-07 4.485412916643838344e-07 6.735434885385416237e-07 1.231092023878943564e-07 7.169589187894231941e-07 2.385743373967130765e-07 7.254869116568585241e-08 1.758375048899196713e-07 1.219158531906572307e-06 1.206713211909793415e-06 1.400045421928730605e-06 2.928457509820958649e-08 1.804143709982497512e-07 5.223364114570472339e-07 6.160043906078271903e-07 2.758942954095289224e-07 6.528587552789844040e-07 5.875363842111624990e-07 3.544655097220683615e-07 7.542748029498724804e-07 2.605116222742509535e-08 8.616329634225650125e-07 2.558879866887409094e-07 4.851892139168256790e-07 9.238746072615100502e-07 2.098552372986617343e-07 8.354175754510251295e-07 5.524730006811751082e-07 8.186294341294697574e-07 7.451136260216983942e-07 1.524883894710171717e-07 5.613214618671591438e-07 7.041185577927322470e-07 4.408279720147234571e-07 2.630989252017101876e-07 6.051799998907370082e-07 4.427200251955198951e-07 1.398293500987080051e-07
4.948699081630536512e-07 1.620044502992357138e-07 1.257500700235780755e-07 3.433957740384130375e-08 7.483317474576978157e-07 8.282576470231006738e-07 4.130269348756598902e-08 5.189646575809447882e-07 5.988374772725180151e-07 2.706793300610854658e-07 4.551720702572481514e-07 1.105052033212317042e-07 3.826861738609466101e-08 5.680286465636896764e-07 1.762257006987510977e-10 2.685431557125639301e-07 5.034542953641363283e-07 5.192321140823352721e-07 3.179115641849250551e-07 7.297328463717889235e-08 6.056827213107851549e-07 4.164207664247854268e-07 5.157286343537847983e-07 5.468962305243962874e-07 4.247441123261808116e-07 1.204400256638038513e-06 6.409125935524784268e-07 4.137839018092392962e-07 1.649578408313701061e-07 8.276362216674826300e-07 6.521978376250459064e-07 7.562540663696992738e-07 7.788977240963390614e-08 4.919092856381368506e-07 1.242910258048013361e-07 5.648321861340122041e-07 1.055123084459097527e-07 2.454641889748643280e-08 5.949666026516808870e-08 4.436737642832255801e-07 6.059217427800689393e-07 7.609810952491358194e-07 2.918246564398430110e-07 1.450594080409928210e-07 2.475117597544596038e-07 5.126101410013461646e-08 5.129527451686044515e-07 9.176744530936531419e-08 6.640962499915303852e-07 7.636601700999889886e-07 5.934747595581768564e-07 6.618344606801329633e-07 4.122095521585933398e-07 7.699442339248463441e-08 7.476150000185199929e-07 1.298151946049763694e-06 9.338966289185179903e-07 1.325006475649814774e-07 2.590787903100633116e-07 3.111015077772449899e-07 5.895633827801560756e-07 8.216063676069751409e-07 4.968287714568475621e-08 4.357493199602657796e-07 1.892405133707697473e-07 6.803694384549530128e-07 8.879331858668848554e-08 1.526355539738233347e-07 3.802942782904494834e-08 2.248425264861353412e-07 6.116105721876152757e-07 4.341878202529514397e-07 8.462563715339044279e-07 3.066607011659172599e-07 6.185069186814828868e-07 1.121778093748915239e-07 9.470962503144164657e-07 9.459436537406773482e-07 1.962126831012156458e-07 3.419788999758921477e-07 4.694638262581207755e-07 2.592272679846630012e-07 2.268066864319351339e-07 7.392456566890359682e-07 3.439961815399072975e-07 3.209666581405201669e-07 4.192030741423380391e-07 1.735302774807934156e-07 3.635639858057260199e-07 1.304327598150578638e-07 3.913793390486475232e-07 1.825169727576181344e-07 2.132204390825620521e-08 1.478474559224451923e-06 5.845471898746623651e-07 1.704614512876290178e-07 3.423062577834201647e-08 2.338968496662374719e-07 1.177950547992523411e-06 1.502393570662619027e-07
3.027097639218823133e-07 3.075363914639694940e-07 4.001338419490352294e-07 6.699678534172193167e-08 3.594341654311605794e-07 9.893205212829769835e-07 1.008544970315661260e-06 1.036929969666644524e-07 4.604428464061172122e-07 6.157231008385721793e-07 2.305098423249773987e-07 4.389711915075977799e-07 2.775007054145461893e-07 3.879161069031411557e-07 1.025287676981179175e-07 1.405471825588477941e-07 3.520987708061085186e-07 7.596586162339491466e-07 1.583367109647682014e-07 2.436704981123583025e-07 6.109850891888868318e-08 5.616142454423211916e-07 1.949217085517318537e-07 2.520622282009554738e-07 1.839742929110599334e-07 4.608011006101975227e-07 3.278838308640175114e-07 8.975650548359581649e-07 4.488939643332301443e-07 1.361323960225035989e-07 7.930272186706943671e-07 1.148713575926940678e-06 2.960053457901068441e-07 2.428903531637160995e-07 3.237230513652988861e-07 4.235416657394353024e-07 7.551068942346361723e-07 3.082380042318533242e-07 5.708271553217514338e-07 4.553274588481315277e-07 6.940353958206912921e-08 2.725866727892878316e-07 1.055274636563297008e-07 6.994010484095980473e-07 2.908767748888152482e-07 1.483316236505771712e-08 2.175539551840799390e-07 3.130057512068518122e-07 2.151987599230409387e-07 1.292943054842510264e-07 6.338941394012920227e-08 2.629221633743128450e-07 3.422161138910695399e-07 3.189731896391378996e-07 1.849671849019074443e-08 9.254407081771276466e-07 3.182938743684360361e-07 1.497366621805440445e-07 8.614288790065316448e-07 6.492319513107247531e-07 1.046709626417730021e-06 2.577511784007668894e-07 6.310934204112328416e-07 4.191206971482230870e-07 7.135819503067963865e-07 1.091940741160257744e-06 8.101384474379358380e-08 9.503204811966980969e-08 1.585191679032149636e-07 2.921077452144871245e-07 4.662627008933384332e-07 7.040903504673678981e-07 6.813637321023691129e-09 5.795020044940812909e-07 8.135261138075833287e-07 1.071050998779909946e-06 7.348438656462619178e-07 1.828810299864258582e-07 2.068200037896872345e-07 4.161573241567850800e-08 9.196804201527797318e-07 4.801143076438307844e-07 3.232010681308850053e-08 6.395110397905412469e-07 2.145966576660995884e-07 2.730008922258164716e-07 1.322001327297428475e-07 2.284119704487608260e-07 5.678227843475269765e-07 9.859420920799166765e-07 3.794175114091302703e-07 2.430057144398034552e-08 1.541973115859462951e-07 1.035594898723957158e-08 8.668955594481886351e-07 1.028054419371926542e-07 1.113482276604571553e-06 3.149339408148321695e-07 6.011726656485194553e-07 1.866447406628779504e-07
9.746527318554853991e-08 4.596495691844282305e-07 1.757074434838301613e-07 5.183484484971856432e-07 1.144782130646504470e-06 1.190358935976298937e-06 8.462308676016050413e-07 6.890850796636982523e-07 2.887461152401016307e-07 4.248313693056005036e-07 1.424051862985997730e-06 7.509602646393886971e-07 8.476710794402819715e-07 6.822045126586573360e-07 7.967833279831637583e-07 3.069059598681533885e-07 1.168106017468417690e-07 1.716727394684980368e-07 3.063370016542776852e-07 8.598698822970263222e-07 6.667025823636762993e-07 4.292593506205477638e-07 5.358191039750437312e-07 4.738382402003082916e-07 2.034957281571436738e-07 5.531337450292994617e-07 4.945220732910371453e-08 1.776947261555861246e-07 1.054427111846223397e-06 4.510516271594156024e-08 2.220326305035769110e-07 2.342805149879723103e-07 7.169909131965468418e-07 4.076342574599323143e-07 5.884165876768321368e-08 7.409619110498866235e-07 3.684449993990313033e-07 1.166022096765750860e-06 1.216162351935778929e-07 1.786356057520421814e-07 5.581573049306953749e-07 9.247325406525064295e-07 5.033852930047544305e-07 1.918272134471266099e-07 6.853998618661094611e-07 6.665115726001147323e-08 3.385711905279364942e-07 4.570482033949829770e-07 7.681974741879926682e-07 3.760221268800378880e-07 1.311900513778496702e-07 2.861345577143126206e-07 4.282297132451873267e-07 1.022312975385020195e-07 1.269590188535119069e-07 3.776671929633934610e-07 4.752394574536467076e-07 9.522052981658646331e-07 3.701671499323211378e-07 3.295340185172079828e-07 1.239121554252875512e-07 2.200265262208844774e-07 4.753186377826068565e-07 6.275462653970720339e-07 3.079446786458106544e-07 1.237991732461196648e-07 3.643191368585263490e-07 4.274051073061002626e-07 5.019843978271154583e-07 4.582862243029950378e-07 5.294662757115986551e-07 2.635701933373368888e-07 5.038944429491820642e-07 2.049855285513046965e-08 7.784266653487748044e-07 5.750825248229674003e-07 2.678266424194220008e-07 1.443281905100235463e-07 9.793446622552437475e-07 8.063085767950894933e-07 1.482732248092588634e-07 9.078828939745875459e-07 3.456216923769517280e-07 1.834368886788340092e-07 1.004129250858909472e-07 2.551276884199538131e-07 1.605863344522617808e-07 8.610641271111774131e-07 2.846495453789898988e-07 1.121701922457418732e-07 1.056299088197931724e-07 3.304605741272226282e-07 5.892357650694179938e-07 1.107676366074450414e-06 5.861793145323090926e-07 5.594479977055755171e-07 5.129930115144176739e-07 5.896351285006318221e-07 6.868067623511109332e-07 2.312336495613465104e-07
1.993688099055646035e-07 2.337528528517651694e-07 5.843294520468944597e-07 5.482859736227752023e-07 7.372796650972901489e-08 6.828499784505837056e-07 9.369919840018781088e-08 9.732031386322503863e-07 6.890623737154655259e-07 6.508253338477487659e-07 4.726670772559060651e-07 1.628566634881423170e-07 1.038151001497844561e-06 1.605632047319005551e-07 2.851854463692404806e-07 9.658117099409224693e-07 1.380255567617894030e-07 1.565349557752782061e-07 7.422529955114498534e-07 1.115988928157563009e-06 2.526091342769376524e-07 5.408326364531035324e-08 8.766499818291251245e-07 6.965055620034021899e-07 2.413874033990737189e-08 8.039242822555081602e-07 4.746123627441534154e-08 2.068365415608397484e-07 2.078650672698856283e-07 4.020359485323865556e-07 1.153681213339474709e-06 1.317947733170399260e-07 1.971077577822555327e-07 4.209424343537548907e-07 1.174060271225130236e-08 3.718380648942698485e-07 1.420832473342237279e-06 9.185418510249121482e-07 2.556301094136514962e-07 1.780816371033111523e-07 6.214417513916714597e-08 2.855234947363172182e-07 1.098068429516985134e-07 6.457903150014487892e-07 1.380305680753757258e-06 4.410553834377495264e-07 8.404794056282582915e-07 3.772961099102190019e-08 6.972140288441508460e-07 2.337052719125765066e-07 6.796559517407985140e-07 2.898329254374942821e-08 1.324962684012831460e-07 4.777480342443851669e-07 1.183183817587973863e-08 1.456657495735314001e-07 2.869152094797655650e-07 7.062437301641466547e-08 2.582560969521807692e-07 1.467727822612729938e-07 4.013921999224123738e-07 4.967047272375069156e-07 2.993401893025549043e-07 9.123710847935839752e-07 1.635268012889490308e-06 4.236394969270307342e-07 8.654656477036226647e-07 5.553810502600953214e-07 5.855596840742549603e-08 1.745681261766662828e-07 7.282601521829690228e-09 6.167783361821221888e-08 4.044504214872901571e-07 3.595852658966336435e-07 8.480791513498786571e-08 1.264315246940483917e-07 2.678081019169553656e-07 8.124545567422813974e-07 2.254335934592788249e-07 7.812109505955788791e-07 4.309368265564827993e-07 5.372208281562151910e-07 1.856157695323545909e-07 8.564823505974317186e-08 5.890582331913307712e-07 8.812022860293922122e-07 5.226639249178433033e-07 2.762601967187805485e-07 1.428218690424643000e-06 8.331787348936359194e-08 8.209271074033352988e-08 7.489116562453546067e-07 3.099568740561053914e-07 5.352147658399530883e-08 6.548030668795945530e-07 1.340256983173304661e-08 9.297371013072819323e-07 1.280850156493151815e-06 2.948831101523552434e-08 3.878067178497701661e-08
5.824283538791164005e-07 6.607226388233300440e-07 7.466759126550925885e-07 3.632732968883445324e-07 6.575044148027231472e-07 5.957417337221215803e-07 2.034263086869714243e-07 6.563920422753000139e-07 1.000202535239580470e-07 2.031362833498917553e-07 7.457556293610778653e-07 2.473700625449382073e-07 5.215936774716212199e-07 4.764499920151266110e-07 2.314798255298455842e-07 1.291462513597352313e-07 2.351539576395111908e-07 2.052382814810016498e-07 5.667770511808001288e-07 4.717009892685197769e-07 2.583323521765379382e-07 7.027745928533946085e-07 4.452877484517614448e-07 4.341235015914435280e-08 7.577375227274529834e-07 1.525163251248073948e-08 4.633639600903904920e-07 3.487854922656907775e-07 1.066323479514963424e-07 8.361883168106487574e-07 6.409796409201362621e-07 4.936833275515084551e-09 5.813611634319926225e-07 3.238168621022552429e-07 1.170323593591149347e-08 1.005504725148931300e-06 7.085047674104671955e-07 1.061673601143731105e-06 1.240468329166688477e-07 1.430388000267512894e-07 1.671752094534184607e-07 3.483923015634715625e-07 7.139672371092586900e-07 1.671618117260464942e-07 3.915822389677359183e-07 1.005468552861543685e-07 5.540676646376141434e-07 1.982198459815620595e-07 2.966961935024770014e-07 1.042070996160049390e-08 6.569066945960599924e-08 5.229687227714663322e-08 1.586565548938878578e-07 5.262616287193822018e-07 1.505740119256415710e-07 4.639349737711739863e-08 1.200221776631593684e-06 1.969380948318999458e-07 8.761714835880951568e-07 8.137827012255627324e-07 6.673099849363595126e-07 2.700519325937733583e-07 8.592381409711080664e-07 3.595792990029877956e-07 2.760844886040558777e-10 2.894834827404935140e-08 6.200043372039942824e-07 2.077554683843629846e-09 1.471605080016757938e-07 8.136680962333997513e-07 1.545709474859435772e-07 4.934802824152484391e-07 6.273349352214907526e-07 3.373277389639994794e-07 1.983270627725630675e-07 1.118096272012536474e-06 7.299965296692079164e-07 1.014882751171342079e-07 2.013619133656163740e-07 1.011285234886472040e-06 8.516432483673952447e-07 2.583126771371624386e-07 4.799031166902167911e-07 2.230369341438276365e-07 1.037967506389847472e-07 5.384758339221917822e-07 3.359842704053761508e-07 2.399241072481572701e-07 3.768312657470573868e-07 4.551014169962286360e-07 2.556819549415223491e-07 3.946496216489236986e-07 2.832304177857736249e-07 1.439666265090622232e-07 4.518999369151899259e-07 2.699506881365110189e-07 1.379856460204109680e-07 2.981920832478834882e-07 2.638501518381630717e-07 3.814386588807394673e-07
1.463173951998797406e-07 3.198706308715770774e-07 8.040388466135084400e-08 2.177203212161415991e-07 3.949458333707411839e-07 3.041399443404202430e-08 2.539499956988322538e-07 6.774008887155957837e-08 4.912951592217496000e-07 1.610861036782651468e-07 1.192601394306436191e-07 1.546385330897237509e-07 2.256566997704823052e-07 8.903128800863413517e-08 3.937766035466694348e-08 4.169763302419582374e-07 4.093833619878139984e-07 3.976029061547592391e-07 9.052820927335503143e-07 1.573166175106166520e-08 2.359663227036179478e-07 4.677703617783635082e-07 1.044570275832157336e-07 4.455045968798643230e-07 9.583512383670722556e-08 5.582502322631910374e-07 3.878327995421315677e-07 2.407452921460162543e-07 1.711631512080202810e-07 2.606589590836705383e-07 2.531970049179932403e-07 6.950532904781425714e-08 3.659538917455407159e-07 1.836354173168075476e-07 8.951242617127874723e-07 1.479171949370083894e-07 1.511301246370777562e-07 4.449572283959923880e-07 2.926991848894999748e-08 2.146443451866986152e-07 7.337859299072491126e-07 2.344799197029345805e-07 1.169576913095937698e-07 1.760843356679586691e-07 3.933137563416622129e-07 9.128647571188253096e-08 2.541722143867275463e-07 1.605539615701090383e-07 1.899391998128052705e-07 5.434248417923726038e-08 8.684981667173019559e-08 4.990546834671150123e-07 4.774716184652305628e-07 1.712118864460876466e-07 1.163872271892074650e-07 1.249097115740838149e-07 1.543634914336067254e-07 8.106389381978829078e-08 3.582539602753342933e-07 8.438166032576077669e-08 6.776821055431980767e-07 1.289401241333365533e-08 1.519523720183713067e-07 1.225525360082357906e-07 6.578191980022296548e-08 3.220750154353524408e-07 7.880367358659157162e-09 2.528188665085195908e-07 1.795727349040987519e-07 1.026455775932078041e-08 2.847893930679745722e-07 2.956312626922752429e-07 1.770288475810843920e-07 1.315391268130738922e-07 5.253510647618142571e-07 5.310036210737223428e-08 1.575872676795597727e-08 7.564007209470702264e-08 2.031493657739247283e-07 4.575126499872794739e-07 3.490308293496724446e-07 4.318490355315063312e-07 7.543701529000301775e-07 3.542152660074293635e-07 1.213677276457048038e-07 9.207434048530416248e-08 3.557372356688404125e-07 4.652046561304246097e-07 2.847212935419562996e-07 1.172489517697883343e-07 1.109395075804542330e-08 4.961822828164486054e-07 3.797927772275500047e-08 4.693375825759460440e-07 4.900731498391763807e-07 6.480808845132912666e-08 4.710249531525434463e-07 1.883141410585764675e-07 2.911047929377019727e-07 5.924807249257924013e-07
4.506996672537511017e-07 3.264664335533851158e-07 2.817114218567340345e-07 8.438013721079329343e-08 1.894469648933139183e-07 6.682900532961610907e-08 7.081196147229462667e-07 2.190639670773819603e-07 3.855139770747584294e-07 3.610662439035294824e-07 2.243605494722800131e-07 5.360680191968114627e-07 1.083477834007418039e-06 6.734784965267692769e-07 5.978717387833398789e-07 8.744873291055554887e-07 2.221163775129042506e-08 4.249089173846698486e-07 3.657434382020596786e-07 8.110302520680789939e-07 2.342156690815500042e-08 1.882674303121945059e-07 4.772947552744710720e-07 2.791246129785207586e-07 1.858906029106321967e-08 1.157488789260696649e-07 1.473712240018798525e-07 5.570312026081936096e-07 2.654926013478942082e-07 3.248237394615216544e-07 1.168281378305380258e-07 2.327640891142124246e-08 4.061855725101537473e-07 8.699925846400446972e-08 2.893459725150648865e-07 8.399027240368894809e-08 8.786406557881321078e-07 5.141728585122962158e-07 2.037295081525059004e-07 1.221653438410186254e-07 1.597835234123934356e-07 1.173344257310304783e-07 1.313867730168283288e-07 3.055156652109758397e-07 4.315721002789985050e-07 1.079665595260514976e-06 3.853542006604371295e-07 6.215426520128630727e-07 1.631142264590934587e-07 1.082629651483202338e-07 5.875029991386782058e-07 2.649077668337440628e-08 7.880412300487193988e-08 3.832943659132226344e-07 1.040996819856587763e-07 3.447348740914790710e-07 2.920772331771459562e-07 9.868916134303518106e-07 5.067281907411569364e-07 9.929185773582815955e-08 4.855599655684272875e-08 1.292440485745061096e-07 6.775608036857505567e-07 3.485811472803135302e-08 8.449207133942593373e-08 3.203948267804790362e-07 4.451634304514229257e-07 2.709599000727536122e-07 3.842298500478236178e-07 6.278147501870279257e-07 3.104593497837981886e-07 5.211225966306187729e-07 1.309664692250578355e-07 8.528655870421175678e-08 5.820943904666364688e-08 6.902373528294702965e-08 4.434059875935147943e-07 1.146609742930237985e-06 5.301808780888705996e-08 9.683346235966894255e-08 8.943146090345521770e-08 1.089601287196373391e-06 5.403004943449474240e-08 5.376751599506235380e-08 4.979981523822729628e-07 2.414879879397702211e-07 7.913901405309786696e-07 3.211147201476194368e-07 8.908452179268167015e-07 2.793883815410680427e-07 2.223867302530990742e-07 5.366647707338856321e-07 2.616439842562101603e-08 8.705493831362431933e-07 2.353706215485473763e-07 3.160644025390624279e-07 1.501380575419375418e-09 2.261821685500819967e-08 8.357623280108583685e-07 2.877053654204431155e-07
6.130996121900267326e-08 1.529355853069347404e-08 1.702150903559740414e-07 4.979905275925844421e-07 2.245261835343015377e-07 1.341281530287119494e-07 5.507520309810942649e-07 3.518125368806579445e-07 1.477776405689468220e-07 8.427650544096110252e-08 3.214748710567150169e-07 7.031655924194524232e-09 1.377403376912056387e-07 2.429234560175075330e-07 4.479766647635941013e-07 1.484463464374030650e-07 6.159115618631361144e-07 1.738862962508136434e-07 8.490678182759836545e-08 1.651592719253969221e-07 8.645683150509952952e-07 4.687382191281841415e-07 3.322714192677267420e-07 1.697259510713422515e-07 2.247773314145717904e-07 2.596842175739411118e-07 1.665285764840263028e-08 4.724290539881437212e-07 5.719587581332064019e-09 2.758195333241175717e-07 1.469978210266731367e-07 2.480674279325967291e-07 6.651718631456304820e-08 3.180538847846747785e-07 9.823193680702502206e-08 2.193315273846252467e-08 3.559230864480511514e-07 2.924414631566563116e-07 6.100388812990686915e-07 3.085660615909091575e-10 1.079719365026932110e-07 3.671520083514678845e-07 1.229013594228334227e-07 3.479629029357056424e-08 2.511680016192840981e-07 2.475944789193107454e-07 5.249889072356239694e-07 8.356875336179570013e-08 3.738441768375011520e-07 2.916294375987504850e-07 3.328870523677807114e-08 7.265854985449848868e-07 1.966854807911033731e-07 4.305888794409185039e-07 1.173542985011266637e-07 1.331727637055024616e-07 2.649621568817650541e-07 1.209368362120599727e-07 3.618888448908563760e-07 9.594202066143253660e-08 4.836822720122313513e-09 3.814640585630968417e-07 4.215488141889878193e-07 1.326070331320039486e-08 8.966781916974753130e-08 4.636375765532108062e-07 2.719362632852551087e-07 4.064536299752674608e-07 3.502511302100330681e-07 3.117659277407369700e-07 4.866197378383674277e-08 3.059716608966311924e-07 9.562413527675062141e-09 6.727635870618087210e-07 6.842563782250010718e-08 7.489091626844412986e-07 4.015554260217157889e-07 2.047882695643821194e-07 3.570685939147111299e-07 1.835689521501038257e-07 2.663245168843531019e-07 3.662528180736757122e-08 5.998093297598927620e-07 2.163393837406601961e-07 5.945615200175780046e-07 1.031059567724312842e-07 4.547577419078407956e-07 2.019837909150723476e-07 3.655298361771031068e-07 7.963834067759023583e-07 6.137581657350565933e-07 1.321536252651966947e-07 3.688022809367197397e-07 4.245966248594967851e-07 4.368001313981295652e-07 4.647344481467641231e-07 7.688869929634023492e-08 4.133584907695109223e-08 2.096314136723620436e-07 5.137799786725238960e-07
1.002006706496416655e-07 4.898065635305925980e-07 5.627868840951677498e-07 3.989475882981707855e-07 4.198951261136230073e-07 9.343278695173040660e-08 7.197518525625667962e-08 1.950542282136424888e-07 5.495348487372098134e-08 4.905517039244244870e-07 4.385133823836540046e-07 4.363331963519456735e-07 4.198928255094713791e-07 1.607782997847806428e-07 2.310086324452953477e-07 3.178961744954023061e-07 1.970093876924039478e-08 6.493592817902182901e-07 7.422896108888465960e-08 5.689279872767016855e-07 2.527343048175367812e-07 9.413391632850931501e-08 5.501957445197547258e-07 9.029893607293004720e-07 2.342623174333979819e-07 5.321991026763228660e-07 6.570435484576364615e-08 2.348262668760980887e-07 3.452119610170001351e-07 3.459718270759637448e-07 2.225324980953402587e-07 1.919647543147107172e-07 2.298356057695016830e-07 5.288202131747965495e-08 1.462930120377237131e-07 3.165099253799041890e-07 1.839906920153566716e-07 3.864310457180053504e-07 3.407190799498138745e-07 1.535939977426181713e-07 8.817883353495759025e-07 1.964909669416314841e-07 6.033427470963914629e-07 1.394839461710262185e-07 2.412960485864701354e-07 2.467929227645271339e-07 3.392787158995602681e-07 1.514593067630798373e-07 6.849490158389315297e-07 8.943256846194458376e-08 2.523684303756823510e-07 2.008819548482421169e-07 5.082919329879587167e-08 2.723912440050213490e-08 7.193534918847888093e-07 5.976925090411810970e-07 2.745167460016517680e-07 1.873261468166020904e-08 3.204828591396591264e-07 4.501945842783072749e-07 1.178899292186841308e-06 8.529367456766578925e-08 6.879198404252662158e-07 3.838982972625970547e-07 8.814714747007457163e-07 1.395727653452638606e-07 1.364031410044930226e-08 3.261359182715750649e-07 9.357716934665916142e-09 3.148969732746920158e-07 4.825751269699196655e-07 3.336788486629771455e-07 3.525670506654421388e-07 1.274907618364906625e-07 2.587701508627304747e-08 4.105431584688901125e-07 6.743432784395153590e-07 4.587959567814436923e-07 4.193289659948362669e-08 9.767338937649583386e-09 6.071861281542467736e-07 2.361614037660331178e-07 4.866687278726189447e-07 6.071250358008484227e-08 2.344987298785738972e-07 3.087308569904578803e-07 1.088725105624632761e-07 4.751898203814164390e-07 5.688393129865687570e-07 9.220615293514811128e-08 2.216419956457826856e-07 1.588027009891135322e-07 6.924180109280086981e-07 3.356170140689229697e-07 1.819873385322523518e-07 8.792488959130650983e-08 7.275817524021732652e-07 7.431719684092286116e-10 2.044115414712166512e-07 6.327923385285316726e-08
1.973650919362412992e-07 6.036004751575063665e-08 4.074875636916885924e-08 4.230039096775328744e-07 3.550473803848319676e-09 4.211304066581433858e-07 1.759580964266760361e-07 3.128872583246788963e-08 2.040362040434118285e-07 1.166955525544466354e-07 2.631271889264041874e-07 3.082907426010805807e-07 2.982224075465111923e-07 3.407113985387510979e-07 4.092540339950545558e-08 2.030584411727431871e-08 1.605048396413621958e-07 2.056894985447144109e-07 1.434310509251801591e-07 3.713466285582001092e-07 2.589580851974915277e-07 3.517158277954735013e-07 3.742196348355264490e-07 2.878644662640539309e-07 6.099109743917807691e-07 3.248992660465077620e-07 2.389830888738231351e-09 1.561734228605615726e-07 1.996036613771678958e-08 2.349909566934371696e-07 1.870395427427951063e-07 6.682512576627885892e-08 2.553047995235147027e-09 8.192140854568208397e-09 4.475889313626524313e-07 7.790539042762389954e-07 4.238389450517132673e-08 9.132716963788922726e-07 3.735232078083683405e-07 9.301377335013683023e-08 3.180360559351669281e-07 6.117290651808104940e-08 1.121660436753657564e-07 8.083327904806481001e-07 4.683099814606350719e-07 1.790543541213551748e-07 4.745664661243154114e-07 3.005812634349069867e-07 2.598404253983943590e-07 1.133310445489144058e-08 9.493667996185450875e-08 4.134662501265040646e-07 3.483197218434597175e-07 1.508939987404644967e-07 1.188651320704892100e-07 1.073597380996105244e-07 3.358225020289040685e-07 7.003632063184994649e-08 1.574705537077392137e-07 4.801274762211704683e-07 3.650895977758139566e-07 3.883053062425645408e-07 1.302966453620157949e-07 2.390847381184002529e-07 7.904528254165654744e-09 7.060471289843661680e-07 2.062994663987183230e-08 5.054879247401444786e-07 1.518266334876727797e-08 1.074136045664531025e-07 5.556669838702177344e-07 4.590742982424345087e-07 2.727638748201144381e-08 1.807310194834599315e-07 2.932407516809121262e-07 2.499754606644088994e-07 7.025515735836762587e-08 2.717846485644770382e-07 3.200163445349346603e-08 2.912991160508582311e-07 5.742845676781627162e-07 5.702464488388514496e-07 6.199215030200377896e-07 4.163265761025769507e-07 1.039381987144594177e-07 2.201344305730046358e-07 1.153429360911673029e-07 1.848080265487439533e-07 2.020974088079441344e-07 1.116310510695939229e-08 1.078029508994049479e-07 2.831832490723940055e-07 7.945999799252589924e-07 4.123106641662488414e-07 3.978293295903156945e-07 2.019512148621060987e-07 4.965962676628521422e-07 5.495271270250512430e-07 1.725946197073113808e-07 2.508232282982802985e-07
