1.641265460072176361e-05 5.760743066487386153e-04 1.800434174150533520e-04 1.530399256949382069e-04 3.430296543035298799e-04 2.261422476306647301e-04 9.539415864767696073e-05 3.979040076970267900e-05 1.706885871421783311e-04 3.082791542481084883e-04 2.311359417212627265e-04 3.694627610014339413e-04 3.229318554220691594e-04 5.631290424931469356e-05 1.763917096446019240e-04 1.877272882521105761e-04 5.737416294755472428e-05 1.184656846430648142e-04 5.516025670354475355e-05 1.426860565524729628e-05 4.691144284599373104e-04 3.869273546519688884e-04 5.562164501704133996e-05 5.672001426361994187e-04 1.661168480004878703e-04 3.364140604981181201e-04 1.676723473684262359e-04 4.814828732054187072e-05 3.811063919558442255e-04 3.759857383160255715e-04 4.816269981353929952e-04 2.262876355165389811e-05 3.010164110394900755e-04 1.863508363513403183e-04 4.339236574314152012e-04 3.320846479012766971e-04 1.350365784004146940e-04 3.901415729302186658e-04 5.761608711064718268e-04 7.138924412838515432e-05 7.949671783907413813e-06 5.874516807061167011e-04 1.823692440370769114e-04 6.940542696334726057e-04 3.104288048855726644e-05 1.342590252711727038e-04 2.152565250893678068e-04 2.093867314423953848e-04 3.448361712195201732e-04 8.949815138233725102e-05 7.207498312821470341e-05 2.886437450866122484e-04 1.325677302173819969e-04 2.531977091161990100e-04 1.966063649865386267e-04 8.201151897333244605e-06 4.398398095787017402e-04 3.444914121368383209e-04 1.966062852106428306e-04 2.301204261840751446e-04 6.450962315434458257e-04 1.777453667703681860e-04 2.697238889623061438e-04 6.796916010285669846e-05 4.102108177926821423e-04 4.178148252036456719e-04 2.119182262791682132e-04 8.138166726919062496e-05 4.831728450312743669e-04 3.632079887628515366e-04 1.204564736338342061e-04 1.536255731587973133e-04 2.446074269085212675e-04 3.957306271492445448e-04 5.868753735944161397e-05 8.294634391029663187e-05 1.482923582047399676e-04 5.524949310905305353e-05 6.420039920978037429e-05 2.408353292871109593e-04 1.947483885299973591e-04 2.118725189790801903e-04 4.615864531437177481e-04 1.612333529342919867e-05 9.693958391183086218e-05 2.067644739619135135e-04 6.023650019698423633e-04 2.794802272069405727e-04 3.670684488817549710e-04 1.837410780876414841e-04 3.215289328006941378e-05 4.342854870350636122e-04 6.222021661424505766e-04 3.163345930284938083e-04 4.785029452008522188e-04 3.950001044269711996e-05 7.256030562085981990e-05 1.737015995398467059e-04 3.585313893890613323e-05 1.126279604599186466e-04
7.857466396787286014e-07 1.981120205913992487e-05 6.039808068554229973e-05 2.875656136298855131e-05 8.146699619548928873e-06 1.102891383838832784e-04 4.987818783183943001e-05 1.100895592727051966e-04 4.996949264349526143e-05 1.198880922592082362e-04 1.355230574271352584e-05 1.186442436338537847e-04 1.219479281202387646e-05 1.761243981985014038e-04 4.442004536409799466e-05 1.253703011505116738e-04 1.152754553088439687e-04 6.896209561189979402e-05 3.747202314099770676e-05 3.210818566715408726e-06 2.203161597306476703e-05 9.731773158065223548e-05 4.585599541546103686e-05 1.143052552543675398e-04 3.242095551996162741e-05 5.843546957382196361e-05 3.377954584374826241e-05 1.023188097931112753e-04 2.944670408224418334e-05 8.283963557077668319e-06 6.881941361084639816e-05 3.638504211467491147e-05 3.236566760214619872e-05 1.046199307881527222e-05 1.739813022550045266e-04 3.969573163713511148e-05 1.058080240923143326e-05 9.879330820051843837e-05 1.067718223882323066e-05 2.560111861727155756e-05 1.183929594974582122e-04 1.971757150555203376e-04 3.145382534742791259e-05 6.128825642148933437e-05 7.852152700745128528e-05 2.937160854477285891e-05 3.708775463274259867e-05 5.324139861003465604e-05 1.552100887749552279e-05 1.426811819016629470e-04 6.859819528736150042e-06 1.118655015923850863e-04 3.810823714502508151e-05 6.987423598567566428e-05 5.384633605790214051e-05 1.057181586717947718e-04 1.589190585095823932e-04 7.581558369977948791e-05 5.113696912621620025e-05 9.038242041895869629e-05 1.639299381555060753e-05 5.825887773406746915e-06 1.276775102028807887e-04 5.357475240352296847e-05 4.425811419398211941e-05 3.411972078326876710e-05 1.131419349169532823e-04 8.458872533818394908e-05 1.037539927177581837e-04 3.163216887511906657e-05 2.499064051954306097e-05 1.125346190525163920e-04 2.533195211618626534e-07 8.144304244394650943e-05 3.134669889329616950e-05 2.943769376469661351e-05 1.723675955721511377e-05 7.010594621400678564e-05 4.467021744624746792e-05 8.104016219000846340e-05 9.785746266650272357e-06 4.980598689772800354e-05 2.707490094018360729e-05 9.084481656481798654e-05 4.639686681593259768e-05 7.062241127240986166e-05 2.845785105885574216e-05 4.598533951698409450e-05 4.342721524284606468e-05 7.337704287823646929e-05 1.080398164057223229e-04 4.389147178695619914e-05 2.113246606180643733e-05 4.708875329245437480e-05 1.208585525586029048e-05 3.604601986136445548e-06 4.475139973065026498e-05 9.964962897110907648e-05 5.874443467932427180e-05 4.572340256844151593e-05
5.612958966746756843e-06 5.650708738712864723e-07 1.516408533006597809e-05 1.193828097170952669e-05 9.997087810931959862e-07 1.259170372112302256e-05 9.629597947391676035e-06 8.690657870160279310e-06 5.030296346876718082e-06 1.376487787342692728e-05 9.476227810620955496e-06 7.089788415828019897e-06 8.586216601502361296e-06 9.399702264390014344e-06 6.296529720398979629e-07 2.003383290130334300e-05 2.550279216555132979e-05 9.415161461606450115e-06 1.057651699849760847e-05 7.163777749193665179e-06 1.312118000499781216e-05 1.727245932448521229e-05 1.256085797487686598e-06 1.433547854463924930e-05 1.505024995693183775e-05 1.375240696658931883e-05 2.370650128911883011e-05 1.365694316639934019e-05 6.315992261337711138e-06 6.554335774956921538e-06 7.610924654517081549e-06 7.855871590529776014e-06 3.961054304619532085e-06 1.045940732856891950e-05 2.008447250844681788e-05 3.169066879811670694e-06 1.423266709176601283e-05 1.061399818052813532e-05 1.589830214777023263e-05 5.229335712190822980e-06 9.200116909633424415e-06 3.079985568300533540e-06 8.879079114226894376e-06 1.814898598301941217e-05 2.133344295793405927e-05 2.096033773238971219e-05 2.113674321520308055e-05 6.045308672929165146e-06 9.953836800667674540e-06 1.475696772865218758e-05 1.279760350561479048e-05 2.650431415945563414e-05 1.365055812094729192e-05 5.326839239300888243e-06 1.042416059462941077e-05 1.757873197187325028e-05 3.296876482322704904e-06 2.728179555340945372e-05 1.679560274830801928e-05 3.067799252885483076e-05 3.098769692501215277e-06 1.161054977508032486e-05 3.363292250276730003e-06 7.209371322014077588e-06 2.324020973432875192e-06 2.974171977893265586e-05 8.589972661445083370e-06 3.338486398558590583e-07 1.678580239938147928e-05 3.798887947510368442e-06 7.023935780866668422e-06 5.263640417646951337e-06 4.998355598097693761e-06 1.280951010199397541e-06 1.300961732720529515e-05 1.623341749264257762e-05 7.317443010170475945e-06 5.360164472243819094e-06 1.868389636932711885e-05 5.240673615174467790e-06 6.495436967648977636e-06 3.666530174013706627e-06 1.044589809717203365e-05 2.094825081421948097e-05 1.493630601703835170e-05 2.456184193107231861e-06 3.280153668995081196e-06 2.529697198185479443e-05 1.974982438400576886e-06 7.812781604007924574e-06 1.813910233565828203e-05 1.657695447977101979e-05 2.126051992195640241e-05 3.056200603504623166e-05 2.839909811051620882e-05 6.202662357034772036e-07 1.133518103588623897e-05 3.263306598200113397e-06 1.570309646458298687e-06 2.172292463796148944e-06
1.711228449937775577e-06 5.687417344542178361e-06 5.558268220420102212e-06 4.476454072473800254e-06 2.037892031375695536e-06 4.234097775435589146e-06 1.702623902368936319e-06 1.470759069716958366e-06 1.053747125023018460e-06 1.549287895524587369e-06 2.764577588944104811e-06 2.510584954288816632e-06 9.704697547691409399e-06 3.333856974184545984e-06 1.101368379593753067e-06 1.893900755803564140e-07 1.007701802567973959e-05 5.075303970841212275e-07 6.783428068316741083e-06 2.490411978590182011e-06 8.940957924130967253e-06 1.222123383171022229e-05 1.990620170698289887e-06 2.270003970620932827e-06 4.956412718926196927e-06 5.741297384124963008e-06 6.024182577078935496e-06 4.332096190858477570e-06 3.042005812321595714e-06 6.856767361783440060e-07 3.911226931377699927e-06 3.999312317215998990e-06 2.599005344284636027e-06 3.905195533083365934e-06 2.351502070596003243e-06 1.718461770584001012e-06 1.948278490852028061e-06 4.476734827928166924e-06 6.828265674213763285e-06 2.370891511186916294e-06 3.652183854760461556e-06 4.667233927478788664e-06 2.257844806388771940e-06 2.615148045337509030e-07 1.133821526677969831e-06 7.457222648711841763e-07 2.419148734647741573e-06 7.397551108873103145e-07 7.484369288332513214e-07 7.231282346567730429e-06 6.721257066575832723e-06 2.181023860467404325e-06 6.005670332430240542e-06 2.556981966307589270e-06 3.917340971997620403e-06 8.407005891260978920e-06 2.024344228986694458e-06 5.268425974656480837e-06 8.225760213801489327e-07 6.892011593961706233e-07 1.823656357450308105e-06 1.513740364784618369e-06 4.223127362963901687e-06 2.666737537386191465e-06 3.254426451261476579e-06 1.692370408898245728e-06 4.810503541551574273e-07 2.809949732170570803e-06 2.523265786488014038e-06 5.147496864880023089e-06 9.587210627254432593e-07 5.335261534727591128e-06 3.718128304677629955e-06 6.742442989082046158e-07 3.912885304010390870e-06 2.420221251787543534e-06 2.873409271549010071e-06 3.491721479382140238e-06 5.423916579609896720e-06 2.804936577833466914e-06 2.693485491956740352e-06 5.624899439392210459e-06 6.021488272474048435e-06 2.534418169920331772e-07 3.157943425370621969e-06 9.709929010868785577e-06 1.233803112710738791e-05 7.596267225670838684e-06 4.968592169567391826e-06 5.022018350686630546e-06 5.493901492658546034e-06 4.432327920286598214e-06 2.463107598565763805e-06 2.997104730464987706e-07 2.484583214578597396e-06 2.509775029217767127e-06 4.539559649766262609e-06 3.333455861107905446e-06 5.563240623056243863e-06 5.796648533385109764e-06
1.406274156509702334e-07 2.259343204597472619e-08 7.533185137612198053e-07 3.114850502961888753e-07 1.714148026944415233e-07 3.689786619143210056e-07 5.758729404054216844e-07 1.574571251696198543e-06 7.566778804831502493e-07 5.369182671938402935e-08 2.179518607219818073e-08 4.435736261343691959e-07 1.350425722291868650e-06 8.810071851628571504e-07 3.302613039597763767e-07 4.190493226401617854e-07 1.657278713443525474e-06 4.275131037785574549e-07 6.244835346449320498e-07 4.892530293765191612e-07 1.020224215725710145e-06 5.278248387872941995e-07 1.288295079110146952e-06 1.282335043755496371e-06 7.477537876998915006e-07 2.495131335512041477e-07 8.928756128101950637e-08 1.389838481252740184e-06 1.081359796978344009e-06 4.130329723513855510e-07 8.239495325670491307e-07 1.228862117622087159e-06 3.410737655322895019e-07 1.598518154014768466e-07 1.158231066873100404e-06 2.686111221814138785e-07 3.311876606051550906e-07 1.737582810027965853e-06 6.772090496089889009e-07 3.339665107507409296e-07 9.735572887873632345e-07 9.998383792873395502e-07 8.508897829175545493e-07 2.640286818106864415e-08 3.275201246165336668e-07 9.878349178716820504e-08 7.013878290188900743e-07 4.255453316901308930e-08 8.485349563448277152e-07 1.248340691122798481e-06 6.969922281559375266e-07 4.272825510585672869e-07 9.984342651096659254e-07 1.463760658925752461e-07 2.716880448496355798e-07 4.932704042233183362e-08 3.646469085648585122e-08 9.267418963248467647e-07 6.625908811975556902e-09 1.413092194191215492e-06 1.867950741454501451e-07 7.490541266331994654e-07 1.967257090960995917e-06 2.254205033192534290e-07 5.762639988124663239e-07 1.923279724081844140e-07 5.327447607249684585e-08 7.940948273732329176e-07 9.484144850863050579e-07 9.991513587408112565e-07 1.342258324299173584e-06 7.285300802719388145e-07 3.764052308646698955e-07 3.451498534838300764e-07 1.919863087557413392e-07 8.286642482246069997e-07 6.140778108778000959e-07 2.529883117844571229e-07 7.022611023774079874e-08 7.916974696688642313e-07 7.543165815088749809e-08 6.846527944503352873e-07 1.273776616478345202e-06 7.586965150729161911e-07 5.774778660066305159e-09 3.420481008264287241e-07 7.386544359156292828e-07 7.193747372451368341e-07 2.538852034514999228e-07 1.278720179618972468e-06 4.890995103830200682e-07 6.202458891196759369e-07 4.713918980552277035e-07 1.169339332663298716e-07 1.192919654814442911e-06 9.610790605155498381e-08 8.593874926413654357e-07 3.121964776168771366e-07 7.718599913963720304e-07 8.029258749532220985e-07
4.829786752131153015e-09 3.644364549792223392e-07 6.355493742664120342e-08 3.587064651606504943e-07 8.862798804064463847e-08 4.755960229813134175e-07 1.604089821496334042e-07 9.302344665205732012e-08 2.724273970869922878e-07 1.724205114032704858e-07 3.968824268108188510e-07 3.921084104214266693e-08 2.934766672406284924e-07 4.825614283907851020e-07 1.999675785322184473e-07 7.886148709064009599e-08 2.260054108647401407e-07 3.563163400050024327e-07 2.027681526710648982e-07 1.168637243903261342e-07 1.015241956580205054e-07 7.089942930402195131e-07 6.453025853912571657e-08 1.552102232301550908e-09 3.317581079077361089e-07 8.104689393176960055e-08 1.456478609877737216e-07 4.418266115925493311e-07 8.403534714103263927e-08 4.606866882029843330e-07 4.406243388744459483e-08 2.747993090046750201e-07 3.303301132328005538e-07 2.235467785630640121e-07 8.774426914203005228e-08 1.461162059381774896e-07 1.107851843286008218e-07 9.886508641093104616e-08 9.297152212070688689e-08 2.275221984422259435e-07 3.125794306425044617e-08 5.980593113063596792e-07 6.233832853623997303e-08 8.570908758382287328e-08 2.998219931552489870e-08 2.863404382359025494e-07 8.424763522290442330e-08 1.565816386673696384e-07 3.944960864672798952e-07 5.746620153666879107e-07 2.415824235914769907e-07 1.451366055510468206e-07 2.105135642404248045e-07 2.982268297717958572e-08 3.120906417432580505e-07 6.827797621559215208e-07 2.330822851398743064e-07 5.444354022059481402e-07 1.585034883570559359e-08 2.139806306340967225e-07 2.757860216744838412e-07 2.709834647095778974e-08 5.779858263965878692e-08 5.561157753749736566e-08 3.802894255909457222e-07 4.066098765303953949e-07 8.806258655490109696e-08 4.883073929411346802e-07 3.658361012609330954e-07 4.149864155667004097e-09 7.161385163649172214e-08 4.652396122062020425e-08 1.100911774577726927e-07 3.472399363832144977e-07 1.215506030671759498e-07 4.563615873688795443e-07 2.426931465408006144e-07 1.395520700807953960e-07 1.383710964752816146e-07 3.336558192310509064e-07 9.343908185345559754e-08 1.029311898075254854e-07 4.556299200548585506e-07 1.455316811738270063e-07 4.614436193743685319e-07 1.996345789688274227e-07 6.777445872589866192e-08 1.111913646265929434e-07 1.575110580241555387e-07 2.670298442977409677e-07 1.459417301355923170e-07 3.285211394563763049e-07 5.664341056137496300e-07 1.937507343390638612e-07 1.997080774171437604e-07 3.065643440144961171e-07 5.844695103643840592e-09 1.195047110088414565e-07 7.043652868424395402e-07 6.880826133270688094e-07
4.531289707816663602e-08 1.304776217363527274e-07 1.017933409200654047e-07 1.220613695081299949e-07 7.220701272370701131e-08 3.188773999157081505e-08 4.722832478586953375e-08 2.187850716561931183e-08 1.023814046617986523e-07 7.868021575684056089e-08 9.276465843870006927e-08 8.770236073771160181e-08 1.215766359375882637e-07 3.961812466239723906e-08 4.185995258914780104e-08 2.417334516770309528e-08 1.286521060008095983e-07 1.523738694289709288e-07 1.916630404187019118e-07 9.855189541535773077e-08 3.224316130321879773e-08 8.038678066510214167e-08 2.451860886388323920e-07 1.466177218185495752e-07 3.034004547529120055e-08 1.071594840496856778e-07 1.764717568663236547e-07 8.741576203723599547e-08 1.014334865316954140e-07 5.086409618707061673e-09 1.657238775515853797e-09 9.780454633659513264e-08 6.668434736573845530e-10 1.073330021812759360e-07 6.154432453969765253e-09 1.527192949738246080e-07 4.353080936212346257e-08 4.152865906971529289e-08 1.076336764181592140e-07 1.434104925673415263e-08 1.069323107909046072e-07 1.219728078606718629e-07 1.696744248112329052e-07 1.872402630897852035e-07 2.308599434298868453e-08 1.126732267743531447e-07 1.263171762814804919e-08 1.207217983884662990e-08 8.708612196636075710e-09 7.760505846022628372e-08 1.314689018978152019e-08 1.902383617921333788e-09 3.137322216511793959e-08 4.356440948765365640e-08 1.827633113351961067e-07 1.968610579039428146e-07 1.103855823754941912e-08 5.505066549497109789e-09 3.541030552208243403e-08 7.417585220922828944e-08 1.303836181698065234e-07 6.150113772376801101e-08 5.702537412613800530e-08 1.688491419838078446e-07 5.282129872415950507e-08 1.709203576507529364e-07 5.724778977673904590e-08 1.499467207870970045e-08 9.199311630151931667e-08 3.744331451396863458e-08 1.561689851606846107e-07 6.183769478210843034e-08 4.833870844694227473e-08 3.292630622825723236e-08 5.586547203163230897e-08 6.633156520014514871e-08 3.631196929517370518e-08 4.795390516727818752e-08 5.656424843102322614e-08 5.278019688875725728e-08 2.003543294837392962e-07 2.482256770445821846e-08 1.344386404526522048e-07 9.486126561720424188e-08 8.131818133377688852e-08 4.062644062889090495e-08 6.992111724160281617e-08 8.494261144702789810e-08 8.907016071117636758e-08 1.019442103550777966e-07 1.023794619755964529e-07 5.249299846099274324e-09 3.809733952885294747e-08 1.492507160539101991e-08 1.225438493546122725e-07 9.454269752947594202e-09 1.351145027608711372e-07 6.402096316450614597e-08 1.031603805509305385e-07 9.144082342260172885e-08
6.988669299514466864e-08 1.824885861519672870e-08 6.682906081256791944e-08 1.521936593466880177e-08 5.734265299764005827e-08 6.730732426453523765e-09 6.870357512514554238e-08 3.627561298662738704e-10 2.531266141795789689e-08 6.569236649936711708e-08 5.035676354970357034e-08 3.596946230524582342e-08 1.815703388743682481e-08 1.009238053268615622e-07 1.374853205172949449e-07 5.876239258283503261e-08 7.042740780503302367e-08 3.060558837278991101e-08 1.488539217216199739e-07 1.573063306617801169e-08 1.246230340120439164e-09 3.585061886561786775e-08 4.433157700809364169e-08 3.374811517724708287e-08 7.437615100122064950e-08 3.940709257787964508e-08 2.949066318826239414e-08 4.093607959141196833e-08 4.719781390186367307e-08 8.112422519695215511e-08 2.236153617422049903e-08 8.134767062620879995e-08 4.623340561561129175e-09 8.032662071496558169e-08 1.213679232503524631e-08 1.233707033575712344e-07 3.339049522339933372e-08 4.917493796976243458e-09 3.888351164641040670e-08 5.151097230329607644e-08 1.808752447388861314e-08 3.573867809079541694e-08 9.107499700733583700e-08 4.058485172522736408e-08 2.944641416620152668e-08 5.571560954763425471e-09 2.788538751167546641e-08 1.001918429035564723e-07 4.126946461868060659e-08 7.389283585305344139e-08 2.713214238169596221e-08 5.481363723390995869e-08 9.104100084959620238e-09 6.987420674737252011e-08 5.020224785330116093e-08 3.226831276819527796e-09 5.249948552183207574e-08 9.280112034158892920e-08 1.556550172650482909e-08 1.790059911120824986e-08 3.667913008308832268e-08 8.912901375553033154e-08 5.916815606490083001e-08 5.037973320687894594e-09 7.208113354088027495e-08 3.933757288777196348e-08 1.084944463825559407e-07 4.041110062108404567e-09 6.127190179943242784e-08 7.125465743153682841e-08 9.244181657525673093e-08 2.892825651722696608e-08 4.993620081419111300e-08 1.034708627132156279e-07 6.222509133513163182e-08 2.586367448128346666e-08 1.251449056856659969e-07 1.263061086688422962e-07 5.132617339041083745e-08 3.293646139248304194e-08 6.553284155361360156e-08 8.519623916327582862e-08 3.418603033498624649e-08 6.719876627720502158e-08 4.121586718423367345e-08 1.893605790823676862e-08 5.232283835363578503e-08 8.485480831995419497e-09 1.355307088856422151e-08 4.629535654026342142e-09 3.289066792926402701e-08 9.405024614295779122e-08 4.820932336798230576e-08 7.500066769590798318e-09 1.822748705766808234e-08 5.942707147698909399e-08 3.549590388195270887e-08 1.617079469895685783e-08 2.807196651523483956e-08 2.998913906750198062e-08
1.809551211512247992e-08 1.346713753524451013e-07 9.677353883832206887e-08 1.223967485374690268e-07 9.961582963450348548e-08 8.182282806424915863e-08 7.974720027732913868e-08 3.422460048169822242e-08 2.742324442449477532e-08 3.685861776535158786e-09 3.937566849403644788e-08 9.941715163696741441e-08 6.349285805875490285e-08 1.225385412220268558e-07 5.038794681605576482e-08 7.857224342208814292e-08 7.030651516575504010e-08 5.002380633468866728e-08 3.945617229327758231e-08 7.149499622697193257e-08 4.828191451809729835e-09 5.596102140230245806e-08 1.118803450258911510e-08 4.456825119862381610e-08 5.965672787108177940e-08 2.800425001484377341e-08 1.278964122667799964e-08 8.651359480342251556e-08 2.976031119039758757e-08 6.317105885432794138e-08 8.801821367700266973e-08 1.263507414217920248e-09 8.811162611200452487e-08 1.448476903104603010e-09 6.300428046144188033e-08 4.717993580490820421e-08 1.005186561374430050e-08 3.413558044470512906e-08 5.443029135879440998e-08 3.158976300274869556e-08 1.558767093199088494e-07 2.354741539204455647e-09 1.168855587071293789e-07 1.622880195877832339e-08 4.840637609719160859e-09 6.261718793706304775e-08 7.254176750427359125e-08 2.352519973654798244e-08 9.156237061279506656e-08 6.307540777947499703e-08 3.992642008564852843e-08 9.308483229722898519e-08 7.838334271422230147e-08 2.235806053419053970e-08 7.750458386034735320e-08 1.986483125907394253e-08 4.562241036366492853e-08 1.019838451529578337e-07 3.774873529126407878e-08 1.725824891441016425e-08 2.380695008400163378e-08 1.530037388310035508e-07 3.516338090931849327e-08 1.028903894640953589e-07 8.385975536585467513e-09 4.689149479894454240e-08 1.008018460445768845e-07 1.080418751223810462e-08 4.405204413267694175e-08 6.555020796884153715e-08 7.717649156101981530e-08 9.255672546914466405e-08 6.152477404365739244e-08 5.367921545138692758e-08 2.390081661556371542e-08 9.605841729564928272e-09 4.149188852522708078e-08 2.088809549191162664e-08 3.961585754504943547e-08 8.624975140135540978e-09 2.172878323910305690e-08 4.214056177270501433e-08 9.486114450313271127e-08 1.180679238088245425e-08 3.630873853918402416e-08 1.245971970895342815e-08 9.733088560228449063e-08 2.905047694419248840e-08 4.611057854868032160e-08 8.304987559622274847e-08 4.828357388665423385e-08 7.324862130549479177e-08 3.604441877148113803e-09 4.760873325015720222e-08 8.338886055817835540e-08 5.062624117083955105e-08 3.819782363588388808e-08 4.288571451672450771e-08 2.620417734753260994e-08 1.268043979552464480e-08
3.192705977484336746e-08 2.063498410648080761e-07 1.079198183932739607e-07 2.221700320191402915e-07 1.699467271112718020e-07 1.208136318100791999e-07 9.712462619670948988e-08 8.930696076896274841e-08 1.047502261906610888e-07 7.700489756147499681e-09 1.179362245251048110e-07 1.663474117819966285e-07 4.790489312628907884e-08 9.584792756671914489e-08 6.201405404427351149e-08 3.788451249725897810e-08 2.125188712439417108e-08 1.217448784017904922e-07 1.481015444222332173e-07 3.583011963077551505e-08 6.534663334398357545e-08 7.711525629660376843e-08 1.809231794046527842e-07 1.305212228155783449e-07 2.029785494086862096e-07 2.062597239601420706e-07 1.025931639996635793e-07 1.154763856810553472e-07 1.608270208260489579e-07 1.079737747565465470e-07 1.223130853158039611e-07 1.060509166756950838e-07 4.455551119704320164e-08 1.810876291729782801e-09 9.053412001730606808e-08 8.803164667370170018e-08 1.072699895931696491e-07 9.252825162816689009e-08 6.842673692884071587e-08 1.107409310661100612e-07 1.010168458673265637e-07 9.037225386852053342e-08 6.025207204374064798e-08 3.451851819874176717e-08 1.278767613893530482e-07 4.865489509351457898e-08 8.420889143971358143e-08 4.759876846346927778e-09 8.313092551464572853e-08 2.064454926260561379e-09 1.478514480502764368e-07 4.563767191659806827e-08 2.007843864095316987e-08 1.010949651699825967e-09 2.528593613010126533e-07 9.987251929242418793e-08 8.118023151780154453e-08 1.413490307064627544e-07 1.825937988881821343e-07 9.663929792254316977e-08 1.081902215367369050e-07 1.683812477340042356e-07 6.416119157906443205e-08 1.950145845148336160e-07 5.660391450709239484e-08 1.555355437617582300e-07 5.922786881525828333e-08 1.054903994954495738e-08 1.106603215735336445e-07 6.090840850147625075e-08 3.698974423581724168e-08 1.308407969527628303e-07 2.449000570261594190e-08 3.893118744154081500e-08 4.915395126103334509e-08 4.234801374778440004e-09 1.785892496888772204e-07 1.515622604049057380e-07 7.588361908412854389e-08 3.730785738714367751e-08 3.169710259422995084e-08 5.445664824969042640e-08 4.184081734397108857e-09 1.023671246084608560e-07 7.070820382992480950e-08 3.312781594718733509e-08 1.915846423375044895e-09 1.300008888189938981e-08 1.016835282612924929e-07 1.779318796425080997e-07 1.280624098230619151e-07 5.298730123228412477e-08 1.205146019355325107e-07 1.546946698843926194e-08 5.031563933443385919e-08 1.189495140826954828e-07 1.468727740645743460e-07 6.578971840433333956e-08 1.287398842010453639e-07 2.698969261706032560e-08
7.923465102133146239e-07 5.734054714603568280e-07 2.615945145693589951e-07 2.605802998477523900e-06 1.123815135161168024e-07 4.853268815673441840e-07 1.703810649110637412e-06 1.198040324664569726e-06 7.097443489488713985e-07 1.035530805739341513e-06 7.276324185814246913e-07 1.737414875376431123e-06 1.136058053613757745e-06 5.913744600481793000e-07 2.392833747552156962e-06 2.949530893103477388e-06 2.357802749289433086e-06 1.903557303341118476e-06 9.680736447860887109e-07 2.259592450635676064e-08 2.302884626972866823e-06 2.564640282146978201e-06 1.411934983286765904e-06 1.025599880519071491e-06 1.563132534663375851e-06 5.387571587055984054e-07 2.295496755727602641e-06 2.176340861298260330e-07 4.449553881883186457e-06 1.428069699801899877e-06 1.110076861197795316e-06 1.712019350947203882e-06 2.141440647023080067e-06 8.449696245479103437e-10 1.503250954756808094e-06 6.761206392662683909e-07 8.153314615110464645e-07 3.548529811470239474e-06 2.020590652229723117e-07 1.956113448340576991e-06 2.467646500299961902e-07 1.821352461557608851e-06 1.203889543945670251e-06 3.418479105500634037e-06 1.573435837608214892e-07 1.759488149591874380e-06 2.076487393743438965e-07 1.240203831952466131e-06 6.063870855608233528e-08 2.021057250412928294e-06 4.155505168283825038e-07 1.307480145603653331e-06 1.126842803152229927e-06 1.288784376329768901e-07 2.988139916610618198e-07 6.193261296624064078e-07 3.995179337288259919e-07 1.574540768836785962e-07 7.088525578923973410e-07 1.460120409811034500e-07 1.214876738172405201e-06 7.877913459287959233e-07 4.758384414780549802e-07 1.612990595294074944e-06 5.886363938010737341e-07 1.867262718339432749e-06 9.972088285537984037e-08 1.319967000406322344e-06 2.144427760603915929e-06 1.874127837994443417e-06 2.360327719212841960e-07 1.719287251261561464e-06 3.801184701039625480e-08 1.008751628809562598e-06 1.153832491740725322e-06 6.100781331019654801e-07 1.353737749186672388e-06 3.434926497787482944e-06 1.429946548763373556e-07 9.618601969903942079e-07 2.210180522179974063e-06 1.051619416086194432e-06 2.790967373382616809e-06 2.090614720643307097e-06 2.463261818329362806e-07 2.794905111846519358e-07 8.921356543082033713e-07 4.132677875255857041e-07 2.702591510986551219e-06 3.866190130219924396e-08 1.695813386075017463e-06 3.144340920797564429e-06 1.462683940541168679e-06 1.576968468404299698e-06 3.169646526317587918e-06 8.050218581024336082e-07 2.346723473882191417e-06 9.381863587717186249e-07 8.615113755264229312e-07 2.120542375788082360e-06
1.873245517219283406e-05 6.045057225246777219e-06 1.982624476466533271e-05 2.509482075369549035e-05 7.559633787045042105e-06 4.104697657372109336e-07 1.248195670148800580e-05 6.361263642630510590e-06 1.904835991347530595e-06 7.660351598162232572e-06 3.421228119884762756e-06 1.139164201329941107e-05 1.735548345398447602e-05 3.910705096519975264e-06 1.061171317721365413e-05 1.470033174966729803e-05 1.251395287667185776e-06 8.190588655153353636e-07 2.259399461625925557e-06 1.743201730652991569e-05 1.461648210482231317e-05 3.875130477849839043e-06 1.602647370459188810e-05 1.043111693879284422e-05 3.110780331736887161e-06 2.882668505740483767e-06 1.048473433940330618e-05 7.059290174009118780e-06 6.555167851609084340e-06 5.175558225907903723e-06 6.061751384803049032e-06 3.458385415194140724e-06 1.806096373123763192e-06 1.746618162881046019e-05 3.716810461289539021e-06 6.906056579366947351e-06 5.281289333180809242e-06 6.199541713920177325e-07 9.241512569567001011e-06 2.869743008834486838e-05 4.187572003380312416e-06 9.393317227655778248e-06 1.190048714330094771e-05 6.640317364561838296e-06 2.736795054707715351e-06 4.563541145918333723e-06 2.197254154329208125e-05 2.007139724556460323e-06 1.709961868605334355e-05 4.415313171906182446e-06 3.012653762732635810e-06 2.051927799239016285e-05 5.069181229743573893e-06 3.195305001590858382e-06 1.961128573052128046e-06 2.587418886637547405e-06 2.903437457648492498e-06 1.145446897141800353e-06 1.459499870755163496e-05 3.384688304402377811e-06 6.230665520974382426e-07 4.833391385087817569e-08 1.314757243366759534e-05 4.924605415292770255e-06 3.841307187070566200e-06 1.572366987369580474e-05 1.538281038231684039e-05 8.896165044733970448e-07 3.353055395156209019e-05 8.981901179197850454e-06 6.535488040388108977e-06 2.428146895965713165e-05 5.830618261631539070e-06 2.143493216445263043e-06 2.630189082679273483e-05 1.104163123658834284e-05 4.781077372196950755e-07 1.348451815727163662e-05 8.776764369362864048e-06 1.277996184035478324e-05 2.223871427867616323e-05 2.130193393329488465e-05 3.741113028278394206e-06 2.457040793939775010e-06 8.338391433257979362e-06 6.423181733190725867e-06 2.414109310491196857e-05 2.603177404437184727e-05 5.647905540222900045e-07 3.403168313480758558e-06 1.386667501592363548e-06 5.205292181048104129e-06 2.409812718585535205e-05 2.345720346501413341e-05 2.257127477210788295e-05 3.604127149099469675e-06 3.012399425627156833e-06 3.528791184038984892e-06 1.531619564918706446e-05 1.337101561942941985e-07
1.237748694175269257e-05 7.737705776506601337e-06 2.465662973937320944e-06 3.305332269399328168e-06 6.195910262755862982e-06 1.210346472701092660e-05 5.067759857328238358e-06 2.984366038170648772e-06 6.079955772088757503e-06 1.329864241170155148e-05 1.272831319455930260e-05 2.679297912769222767e-06 1.445379179189032901e-06 1.493885703365564725e-06 2.071051573564161154e-06 1.225648494242582982e-05 1.644801196314799041e-05 8.723108332747353806e-06 2.049198478204162968e-05 2.849432966296927113e-06 8.026285030016755832e-06 3.676071848091710581e-06 7.710449237925360306e-06 1.705937856283150730e-05 9.486073775084498269e-07 3.957690572322315864e-06 1.343321117439688625e-06 7.354646888229722645e-06 3.134414715857028913e-06 7.209358724348792651e-06 1.916088633742120206e-06 3.252675382846464651e-06 1.433164082542783327e-05 3.410245692571513588e-06 1.258943616411257958e-06 4.154491938417237388e-06 8.588877440804657109e-06 6.802471730297004725e-06 2.791858106069405640e-06 2.578420996431604039e-06 7.430195392495206631e-06 1.836295352990088950e-07 8.529915874124593511e-06 8.973553036260931295e-07 5.798499318130420955e-06 3.931560161659208033e-06 7.053549708195119757e-07 2.358981149765994662e-06 1.977203917827344531e-07 4.060967438300527711e-06 7.999643883034998211e-06 3.488635600664822089e-06 9.650990346811277922e-06 4.145545160485873212e-06 9.065170284320917313e-06 1.535075378518383496e-06 6.284630507128005056e-06 7.768233105068180784e-06 1.328611885767814120e-05 4.271663860772657409e-06 4.930513284434590547e-06 5.322441150185006867e-06 9.961522903659713314e-06 2.925762801741823896e-06 8.006775889443013726e-07 2.037691011083191863e-06 6.730712382632376178e-06 4.620986551124679350e-06 1.126151706710413577e-06 6.258110424554572769e-06 2.379505158809982153e-06 8.394154947255751619e-06 9.333459409648308972e-06 8.496816512678951415e-06 2.188965870916025256e-06 7.452746488249880537e-06 6.927029143642768694e-06 3.893186283716467642e-07 8.796048418689107279e-06 6.650742291717783245e-06 4.260747645949304195e-06 1.989438940382017972e-06 4.687897546484579749e-06 5.048866898724141221e-06 7.698985577289343052e-08 4.771406269342973321e-06 2.313453202263143730e-06 2.412901357996299594e-06 6.004767684370251407e-06 1.126012679448207311e-06 1.147396135104706607e-05 7.060409996612073243e-07 6.393379409974781410e-06 2.537732258988628254e-06 2.578491430811298747e-06 9.725967804540652898e-06 8.486449264427871656e-06 1.001788929125545630e-05 2.114988627370671369e-06 9.392907585081977735e-06
2.441338393069397055e-07 1.788424395195490312e-07 2.635478487907273086e-07 3.311167724054225327e-07 6.729976901180476361e-08 5.034150776346899133e-08 3.212919089871428638e-07 3.659561222107818632e-07 2.792507427699498330e-07 1.766842276478048675e-07 2.416907434950506668e-07 1.225130183334756991e-07 1.580224421243536472e-07 3.969912763191407127e-07 4.177488728930942578e-07 4.190710745383536385e-07 2.392571499441595361e-07 2.905351888306176284e-07 3.685237287744943602e-07 7.406924286653998775e-08 4.929016268034587620e-07 3.453250943777068941e-07 2.752432712797769698e-07 1.191359707753986158e-07 2.504006024187599921e-07 1.674792140334288657e-07 4.173508248811369682e-07 4.467198827851752045e-07 3.383150039404150540e-07 9.829094840692919927e-08 2.418819337863410945e-07 4.380836156053130907e-08 3.100427586262248926e-07 7.908953040369562924e-08 3.451270404834026859e-07 3.392915925460324514e-07 3.507907599881987504e-08 1.631155904171664641e-08 1.508780958781787292e-07 3.250572008823731019e-07 3.518739491055710285e-07 1.143383144550529681e-07 1.239991763444175466e-07 4.984960472137802410e-08 2.453658382866429072e-07 9.353900994911691559e-08 1.964839365768496671e-09 2.771921658735246715e-07 2.624148582857640600e-08 1.896243834907716217e-07 4.296544726007042340e-07 1.835368930481249378e-07 3.328508913681167821e-08 1.878342598678767335e-07 2.343533769148846223e-07 1.120306614554946080e-07 3.731686019530111749e-07 5.620747504026322165e-07 1.860970328747648447e-07 1.267927218511151791e-08 2.335357943404653180e-07 3.044364190645295888e-07 4.237534492218015961e-07 3.691447973708938827e-07 1.222711949117742024e-07 1.615470268263299522e-07 2.576582211957264949e-07 1.817170210180656331e-07 2.357403049696890450e-07 7.149218227790969779e-08 2.354758121043676311e-07 4.062114365868828747e-07 2.033201683699599807e-07 1.864369799464424482e-07 3.931385416102631378e-08 1.408566895305404749e-07 1.340575177879660212e-07 8.621895004996185782e-08 2.645775565611511543e-07 1.421140106680071153e-07 3.019345108135197242e-07 1.823125294513329941e-08 2.529234462997644018e-07 5.200573873825658290e-07 1.388089436642476717e-07 4.705110493031028416e-09 1.433158938805304732e-08 1.752063819213632578e-07 3.078711454468292433e-07 8.048693987365229609e-09 1.510110206208282140e-07 1.549563879220068797e-07 8.834123640639681861e-08 7.633777530536293076e-09 5.923766419771997883e-09 4.843254067356123353e-07 1.808491000288082779e-07 4.369384215157612566e-08 1.931249471466365143e-07 3.940355992210569877e-07
2.146997026101015409e-07 4.606421970660185450e-09 1.397286564281788502e-07 6.083800585428018447e-09 4.061182125308717707e-08 1.245797658560756748e-08 9.062074337746836995e-08 1.001754674301931665e-07 1.369162238019906947e-07 1.576827097956841686e-09 7.001223673519928084e-08 3.475136196394734711e-08 2.727327070734912324e-08 5.313953687625793548e-08 3.154945936586104282e-09 1.672398292245173281e-07 1.567158167716879962e-08 1.912815412607557389e-08 6.238386209132427366e-08 3.470031858879499688e-08 2.611229293100246289e-08 1.324418744669547140e-07 1.015522247201596146e-07 9.874562621725264456e-08 5.004958192288021170e-08 3.187665595530089118e-09 7.754119314490227498e-08 2.680108652768566795e-08 7.686645810903446367e-08 1.026009378137945173e-07 8.130161589024941730e-08 3.488564720826211045e-08 5.756270316313431574e-09 4.254775864754635224e-09 1.188952875309221463e-07 6.660157410530601421e-08 1.349287430503823114e-07 5.273362518775993109e-08 2.907235655118165483e-08 3.658212107752515881e-08 5.563836747541068119e-08 4.322248548380658534e-08 1.652475972927823305e-07 9.643274104660853137e-08 3.453786997978533990e-08 2.963252464814996050e-08 1.420461174573935310e-07 5.322338633103201346e-08 9.636811770762901321e-08 8.169293893427819028e-08 7.253324408957250672e-10 6.703223856170884422e-08 1.817095467661302875e-07 8.480071579034671443e-08 8.017673638634018345e-08 2.279685885885965866e-07 2.881039867717432581e-08 2.139189802251621145e-08 8.551964047339184337e-08 2.045229302359209851e-08 6.129392522236185720e-10 7.406064893754544295e-08 1.498138215509304318e-07 5.976900950266531367e-08 7.875939003091951757e-08 2.215556703489081667e-07 2.938449854233526459e-08 2.196214078803482609e-08 5.005935978713185297e-08 1.237173191563733078e-07 5.179884401818041348e-08 4.182432448387932557e-08 8.549766501115517719e-08 1.902215966950628333e-07 1.034134584288748517e-07 9.146928625458894933e-08 2.220506768860161268e-08 1.213397414336987230e-07 4.067653420766631782e-08 1.189145615824575727e-07 9.364619266479899532e-08 3.780066823387529494e-08 1.153172750479374768e-08 2.384171420427470486e-08 7.664708829401017812e-08 7.494822943430624472e-08 9.011155610959948291e-10 5.560138119588799101e-09 1.403128108074475436e-07 7.945950103870198214e-08 1.016047750306474189e-08 2.697151661136839944e-08 8.612478343313423389e-09 8.439737919378283084e-08 1.559922906674446558e-08 7.183781172907083810e-08 1.459364289839542960e-07 4.479124736190169878e-08 5.926531325797856702e-08 6.438359207600548892e-09
4.578697015219022990e-08 5.206444919529953604e-08 1.554317803361601736e-08 1.989146018715060981e-08 7.278163003534925644e-08 1.507357341531701542e-08 8.450800267150210981e-08 7.865047713543084329e-08 6.902420010004920977e-09 2.913382697074968499e-08 1.223761935812537238e-08 3.603907168953576225e-09 6.770570875714089791e-08 1.549992537972629209e-08 7.377309103353143452e-08 3.713718897028200222e-08 1.844946887905924869e-08 1.172726311830633601e-07 8.614094817153073651e-08 5.211902885330426077e-09 2.880898404789465574e-08 5.334107047489165907e-08 5.335121724676754329e-08 1.920750536338917817e-08 5.106418240597538575e-08 9.827961053616922718e-08 1.457493908132583048e-09 5.618811625275301402e-08 6.341388463459207204e-08 1.728939272791415733e-08 5.873224033320414972e-08 5.298546592504665401e-08 7.131106065009731225e-08 6.080749228391271971e-08 1.712058140925945364e-08 2.797556955537767597e-08 1.552062134428951038e-08 6.771005783172850164e-08 3.194669375154389186e-08 3.539354797309866439e-09 1.444753660297806784e-08 2.137478584080368708e-08 4.528829703812370258e-08 4.500404446864834582e-09 3.887843959464676530e-08 1.394663336333568722e-08 4.145070226963901172e-08 4.482428934088363947e-09 1.075805269378114965e-07 3.935837403719150368e-08 5.125809267579323062e-08 3.859292530845763512e-08 2.555246755218571766e-08 1.153549559758174894e-07 4.473080852137135478e-08 3.193932510672773295e-08 9.692908016587309188e-08 2.101280972636683020e-08 5.061538029633138854e-08 5.230929278773867807e-08 9.419005034391739390e-09 5.831092754169734109e-08 7.118349146657178424e-08 1.315114120850292216e-08 1.720899197398849455e-08 1.847026873693650344e-08 8.718742527326151578e-08 1.591906265324404430e-07 2.449280998334426706e-08 5.858978560172147041e-08 5.383338136986718888e-08 3.076858320441599494e-09 6.206428213832856314e-08 4.310754711144075242e-08 2.996392980643682535e-08 3.863260247409560158e-08 1.729429474154566459e-08 3.871285161775158345e-08 3.504408135208259391e-08 4.199596646956516510e-08 8.738544532243985754e-08 1.457092130084631327e-08 1.540697554433671280e-08 1.326389538710289297e-08 1.384408360402397057e-08 1.981963506753941704e-08 8.837938968734813385e-08 7.027429249759576323e-08 1.857820921021257352e-08 5.290641200255202727e-08 2.089014722070377922e-08 1.063658421340157764e-07 2.291936961002771236e-08 2.809377692254431459e-09 2.916888407292092490e-08 3.863740479961655925e-08 5.826497897431971056e-08 8.988888666306872198e-08 2.420981361003697965e-08 2.598800020914083305e-08
8.698926467599381931e-07 2.991190128172040042e-06 2.196588731155019053e-06 1.418573037249159594e-06 3.501692131859360888e-06 2.452008442660441235e-06 1.392568456358236431e-06 1.367089387566769804e-06 1.605475676417453821e-06 2.262144616051463996e-06 6.037220132786385554e-06 2.602648773341383154e-06 8.576055953018240567e-06 1.519352185007530012e-07 3.567586925845803321e-06 6.868250058681890164e-06 1.675753849237301250e-06 4.035957090835702157e-06 1.664864888144936274e-06 7.498394523923734958e-06 8.296188873569118106e-07 5.487606517418723551e-06 1.981967517943273305e-06 4.457818806275016927e-06 2.711046699529033125e-06 1.104654368589181134e-06 2.211963790930432128e-06 7.244586210181242828e-06 3.348742698311951542e-06 1.982864804580454650e-06 1.759639126706588855e-06 5.458550366697487033e-06 1.597733014298228100e-06 9.185585726147011760e-07 3.719350323501691496e-06 4.549968721512943662e-06 4.359499991093171938e-06 3.671986393676336154e-06 3.151510168243487094e-07 6.277559783204142728e-07 2.044527314656521952e-07 2.603745818794981213e-06 9.228406498413902739e-07 1.203598550862684249e-06 1.705747344955932835e-06 4.128813249592187267e-06 6.925794102696714911e-06 5.209743976907737820e-06 2.936367304575977682e-06 3.078284248827073738e-06 3.989189381564873759e-06 3.415087621205926854e-06 2.076863497137390024e-06 1.052850080977941764e-06 4.594914513866793658e-06 3.239166864178371076e-06 2.222533630825283387e-06 2.999240794771091762e-06 3.272802151345582770e-06 6.348822794917953732e-06 5.499493817940883717e-06 3.317372598913035991e-06 7.979658379974376644e-06 8.596076295165044201e-06 1.546731787698117942e-07 6.195918696544820377e-07 6.296252343742027747e-06 2.657916116274112580e-06 6.501449628526447230e-06 2.078134180686899208e-06 3.390094754992197643e-06 7.405375481660128100e-06 6.567246542741032753e-06 8.812630161079799558e-06 1.319020102418734828e-07 6.131695024134432430e-06 3.787854905779016181e-06 6.349468822504065628e-06 2.963732534247255439e-06 9.101277372969129441e-06 1.999258034360873820e-06 8.842334803986754593e-06 2.720883034834040035e-06 4.942682119184669444e-06 5.483900724781579962e-06 3.983637941920227345e-06 4.938700176201691716e-07 9.644061560174636193e-07 3.857455198995879742e-06 3.951908384931622888e-06 3.878212179651851794e-06 9.281869717223547418e-06 2.407891542037900786e-06 2.942368494760211480e-06 4.202719854576448096e-06 1.230484750178045759e-06 3.766988467508463167e-06 3.005130698886039246e-06 3.038346645199124633e-06 4.726008462808934819e-06
2.232569932504528784e-05 3.755812694218100514e-05 3.521512030668233495e-05 1.892286166238458066e-05 8.840397261708024556e-05 4.359307009968902097e-05 8.696935104969754444e-05 3.749269547023295699e-05 2.585068496769104494e-05 1.172300597984215490e-05 6.531243828776384040e-06 3.397773536945877744e-05 8.085610581011746275e-05 1.268852387552188584e-05 3.979941018307538153e-05 8.263060712313873653e-05 1.396441396083539334e-05 1.038535125761281248e-05 3.047427361686184732e-05 5.590870339674870488e-05 1.448716651040842640e-05 5.478307606557654034e-05 5.977924811874328880e-07 4.671024748218301301e-05 3.574995464780707357e-05 5.403947613947862258e-05 1.034237443467042370e-05 2.331154350798076916e-05 9.210438063535206546e-05 5.924268136673393526e-07 1.038456367886931387e-04 3.705671838152176903e-05 1.555603154314361060e-04 1.176126171276490435e-04 8.959100075895834274e-05 7.999125455376675451e-06 1.165271052144576611e-04 3.426102079035691310e-05 8.727679741893404851e-05 1.014985802130631787e-04 1.487160052858235575e-05 9.965147664387517866e-05 1.000980390733973661e-04 6.402542707156883505e-05 3.739601360549371775e-05 4.881925469011678302e-05 2.794529984671760250e-05 7.940772682062752165e-05 5.888015389966804274e-06 5.857203783949968914e-05 5.646137454221262023e-05 6.585003624899824349e-05 2.424166034994019257e-06 8.978639050759588871e-05 4.894536844853635623e-05 2.982658442198404830e-05 6.867458235218308458e-06 6.445865124771170830e-05 5.309709053208831948e-05 5.182128051017046826e-05 3.461597839552856882e-05 4.233683283689031909e-06 6.297910581388533116e-05 1.029957860700836305e-04 5.302025013595026639e-05 1.625232299775996019e-05 7.046496296348856608e-05 7.689145300897812783e-05 5.701561206350755178e-05 7.491983069565626987e-05 1.847370056018780686e-05 1.183238463098088865e-05 2.297306139448338798e-05 6.284573771011395574e-05 2.978602796619551039e-05 1.128825153001216183e-04 3.534438875525391921e-05 7.755753539570790062e-05 4.246777113928183647e-05 1.126373236996303860e-04 5.109860642759368575e-05 8.327443363363865654e-05 9.357310873465778632e-05 2.175211773127400385e-05 1.232298288680407810e-04 1.002248369731399729e-04 2.911491494661091269e-05 6.789307949246773863e-05 3.094774411797620125e-05 8.623416400703495083e-05 4.635407048295884217e-05 4.145469788430011993e-05 7.599463035689255628e-05 1.292490565866089155e-04 2.318982972025361491e-05 1.005951721131002289e-04 8.603315322588004428e-05 5.991620443815255073e-05 5.241916901511046100e-05 6.274363430624138051e-05
3.178376320488787563e-07 1.788594265675363896e-06 4.806322705626141716e-07 2.748799434485659160e-06 1.271186079666532562e-06 1.221772322429831177e-06 2.557059623401310034e-06 1.347032380503252890e-06 3.502741285764028893e-06 5.354952092001260216e-07 1.366589649828025323e-06 7.612368625741050662e-08 5.492964409837641608e-07 3.162689632070597544e-07 3.414158049405055428e-06 2.738565217626129142e-06 2.394421731919641090e-08 2.885655799532661355e-06 7.207419832711429498e-08 2.297202445328443886e-06 2.245002841037356834e-06 3.185384797603958040e-07 8.627506429825962484e-07 1.590671436262827557e-06 1.241580306569570817e-06 9.257107306618817590e-07 4.183312700082550292e-06 1.643775284684073084e-06 6.603953334607109299e-07 1.894000084684120433e-06 1.388711643010158390e-06 3.639970396692239856e-06 9.289576730230469237e-07 6.684528856993211116e-07 4.511274043833842399e-06 4.969036072312674348e-07 2.169452321801242653e-07 4.458292505059062305e-06 4.268002109493945962e-06 1.698213313462518541e-07 6.238571652551962193e-07 3.949304642544996388e-06 1.035585964822234570e-06 1.297368203435266961e-06 1.825716289256871480e-06 9.665832012634599979e-07 1.987798251346846817e-06 1.538134919524306485e-06 3.306446596521254181e-06 8.356849912837142967e-07 1.705130374759195898e-06 2.052462441352316430e-06 4.387791543396573279e-06 2.079890956019412300e-06 2.631548377988411817e-06 6.921427738302927734e-07 3.789636921938668035e-06 2.273885855950597535e-06 9.318185403210915951e-07 4.705352251849582930e-07 2.704023953267901945e-06 2.918367995146475640e-07 8.146986661093579235e-08 1.105442700825132836e-06 9.450169292361537964e-07 1.185880909118106083e-06 2.390666031414130456e-06 2.564075417815607833e-06 1.959200879753158965e-06 1.537040843625611645e-06 4.045071497619132672e-06 5.554669561795260981e-07 8.040646303692778587e-07 3.823265590359641931e-08 9.487834525887741153e-07 1.506622833569014956e-06 3.683589089614757345e-07 1.186497450992775399e-06 1.582548602979963337e-06 2.861236850861047397e-06 9.787369555909375716e-07 1.967606709737764110e-07 1.708645777769820360e-06 6.020845213858605559e-09 2.652144263178044350e-06 1.474116030211952968e-06 2.561415930957525565e-06 2.076323658266898369e-06 4.178939042227660311e-07 1.618933632426817253e-06 3.720947849389859258e-07 2.814519044139905232e-06 6.911626618918403756e-07 3.512883982453122379e-06 2.729446195359311840e-06 1.770348627589401222e-06 1.430576570860791133e-06 5.516612292755022253e-06 3.271540281519243735e-07 1.021373698439479829e-06
4.539004476943912987e-07 2.680547224247183054e-07 2.239870217449376600e-07 1.080509589895955899e-06 4.589231210145734946e-07 8.177707785795921538e-07 4.579547977524286100e-07 6.198795985021453644e-07 6.718471320730391711e-07 1.425321959078684563e-07 1.314516489597656988e-07 3.938955289888089288e-07 3.512577407042849638e-07 1.509099437487498857e-07 3.666854259323810300e-07 1.324767502777037177e-07 1.026661143033232517e-06 3.795495244495695141e-08 9.307319716544306515e-07 5.153444090414313595e-08 1.316100327899663347e-07 4.340713909789553458e-07 7.594055448316936878e-07 2.242431084377318037e-07 1.080878244794956049e-06 1.786938772869902232e-07 5.987672530506066141e-07 2.082368329831686779e-08 2.916398983624330998e-07 1.415419103072342946e-06 1.339851073763657322e-08 3.751349483326096688e-07 3.942511564210423279e-07 7.034806556797269371e-07 9.263821898630103318e-07 1.115400061828898453e-07 2.163013184814076430e-07 1.421185322742190551e-07 2.998785795008046198e-07 1.781847835940985437e-07 6.734398954578320714e-07 2.501677212335022749e-07 7.853562754061023496e-08 6.521103024271125167e-07 3.891223540153581853e-07 2.023275574235940480e-07 3.864266713587388821e-07 7.376895954649103352e-07 2.466653508124727238e-07 9.068155874176561134e-07 1.119522709589586748e-06 3.101919316049751412e-07 7.271559837725868983e-07 6.968047689096085423e-07 7.324892934590065117e-08 2.636899648790475394e-07 5.328737121533594958e-07 7.163749603571423842e-07 7.757948761988942346e-07 5.416593281559303931e-07 2.442408606796979008e-07 3.203354558189746621e-07 8.213044300087382616e-07 6.282670940661937658e-07 8.561230923441906325e-07 6.372327315825315069e-07 1.356372571119621352e-06 5.309568173466364073e-07 2.173357274873888165e-07 4.442726022589130468e-07 7.458047102286913325e-07 2.517475859262218346e-07 1.192929392834584892e-07 3.530141265788754924e-07 8.604216959549363476e-07 6.584250044781653281e-07 6.735147327888189802e-07 2.225280032007476854e-07 5.877579985111682973e-07 2.551689376805240408e-07 1.269950899014565994e-07 1.951841036167889433e-08 4.893268123193229288e-07 3.921933280912192764e-07 8.265751604888451069e-07 6.648214272230524501e-07 2.720606881404448620e-07 3.769972314375041259e-08 6.744578649063969335e-07 5.679270724491121652e-07 5.611972134961713311e-08 4.904049474741671870e-07 2.501047658183784279e-07 5.531411066706117376e-08 1.795525700596171915e-07 1.473667496705265687e-07 4.010130470129278973e-08 5.615572245929193531e-07 6.940544560898386590e-07 4.205474401900095757e-07
2.476913172279364894e-08 7.666333924953732423e-09 5.464106339462233646e-08 7.306839710411793876e-08 1.649905055787148026e-08 8.999763689272898448e-08 1.673936625864326348e-08 7.926197798897518946e-08 2.887865991218718201e-08 1.595185209580037591e-07 1.389861541914635663e-07 7.235180476308987983e-08 1.538624700172455272e-07 1.227002722207645670e-08 7.687310450825694146e-08 1.104570900443294990e-07 9.040896839321931164e-09 1.097890517631457466e-08 6.190807735382743572e-08 9.101890551731174270e-08 3.298975528049807491e-08 8.810237252586322957e-08 1.317150167614845158e-07 1.074405135573984179e-07 1.291477913210733401e-08 3.794720456733569438e-08 4.356695551782637052e-08 7.696802454588341834e-08 1.485671676382187387e-09 2.208603015550562041e-08 9.319663743186630349e-08 1.104316744232142428e-08 9.904099208953124093e-09 1.439326191780195018e-08 5.090112507473918671e-08 6.544926272284056965e-08 1.354035817038849894e-07 4.622426001046678052e-08 3.353773271862936945e-08 2.358909447569763115e-09 6.389497543655868266e-08 2.260782761058975578e-08 4.902574956785511751e-10 1.155597469104991033e-08 1.074619112279245301e-07 7.524102802347117796e-08 1.357583914485056191e-08 2.999675886017214499e-08 1.017896034580823028e-08 9.925230943658677784e-08 1.045786050396259179e-07 4.175023644077018644e-08 2.395797646092412284e-08 3.073857333272431668e-08 1.791150686061119299e-08 6.287731625837315581e-08 8.795208395044865795e-08 3.527638662411335894e-08 7.161619401082122954e-08 3.617199834898523125e-08 1.141173795212851858e-07 1.656480041994387944e-08 1.131327909548072660e-08 4.083349215047417597e-09 1.229105500742844355e-07 6.130762991145169514e-08 1.203098107184721351e-07 2.223328999244936742e-08 2.257579544069935815e-08 4.874116453376531473e-08 1.170182074374302397e-07 5.181905539254668259e-08 1.653397933934880576e-08 9.780443512941078873e-08 1.331043339521378665e-07 9.769731507465116672e-08 1.220781347617728866e-08 3.035354494162174704e-08 4.189678710829810172e-08 1.335497602841903049e-07 1.881965366124923683e-07 8.166853367120297772e-09 8.695448980478437254e-08 2.300107134271948451e-08 1.612128402256015388e-09 9.006344009774816973e-08 1.703598589795698461e-08 4.861220320308986772e-08 2.380901136302741682e-07 1.040782602989788117e-07 2.400509512932547617e-08 1.588403113596437057e-08 1.161217347336862809e-08 2.394090542969170307e-08 1.074722705022725626e-07 2.513410454362068850e-08 6.995164912357068588e-08 6.678789955591553828e-08 5.828858641483081952e-08 1.279873546342675421e-07
5.198968440842906605e-08 1.141168828439399378e-07 1.891935033081468444e-07 1.377364076711101373e-07 9.670396707258643843e-08 1.726537573604937522e-07 1.031068765498521507e-07 1.663449592781526316e-07 3.415912459262743022e-08 1.333709185454477438e-08 1.534229955757051780e-07 6.657061856088347109e-08 2.062551352971743392e-08 8.541436740641168311e-08 6.781463938837971014e-08 5.655392686771194735e-08 2.001968061043111151e-07 8.605517884235112729e-08 1.171239976286820672e-07 8.593606575924915938e-08 9.215440653515682848e-08 2.116090789354859684e-07 1.926274942984220557e-07 1.614292604375667378e-09 1.358517939141380552e-07 3.994360703986193364e-08 1.241976474274476079e-07 1.629545362695803090e-07 6.498102219412660253e-08 7.455996955184709431e-08 5.729035477336968723e-08 2.925701632427874237e-08 6.368169008621290714e-08 1.061166638323137563e-07 1.101932360374251402e-08 6.458749043739291009e-08 5.294367309649683137e-08 1.824244944600441986e-07 3.627250368218579754e-08 3.029969782439812193e-08 2.219739312285762224e-08 3.832257609542150632e-09 1.464324910782135449e-07 5.890321393193708127e-08 1.373791716065955385e-07 4.770662543925453889e-08 4.007359859972133920e-08 1.459483281970466804e-07 1.584441730707188649e-07 3.047972313908301509e-08 1.770645561645540784e-08 6.963153233242291829e-08 3.427287267521537527e-08 1.535520220981494377e-07 2.688652277512464865e-08 4.531343820169215434e-08 4.114498005454936757e-08 4.598481532231947716e-08 8.699165471486508061e-08 1.706060553106257755e-07 1.952095120555814969e-07 3.242108533518876486e-08 1.760093087305726703e-07 1.667823905680259087e-07 4.183433029693669905e-08 6.439871801154545868e-08 2.644918515785251432e-08 9.502295245718706679e-08 5.751288415838459603e-09 1.475609465388413557e-07 6.821929485182243354e-08 1.052279532666531013e-07 2.252860200037480045e-09 3.908844967590190448e-08 1.662052857411273589e-07 2.742187011113363690e-07 4.160800685034503766e-08 2.966833888063647134e-08 1.412323291589096072e-07 1.962493897883236453e-07 1.090050930891636467e-07 5.230797626926715486e-08 1.321310983515770309e-08 2.054494268518763998e-08 2.047923663060386974e-09 4.341963834316413381e-08 1.986258034983558527e-07 3.080660087966658302e-09 3.219458666196465093e-08 7.070587913050814565e-08 1.049909617920414320e-07 1.032062802126095457e-07 1.289424673240652144e-08 5.451730096292964713e-08 5.191440648895679776e-08 1.444762018474594456e-07 1.377389441195631429e-08 3.754591037927419771e-08 1.141073584201470880e-07 5.712047304247096636e-08
4.022034133210726373e-08 2.391872732773830349e-07 1.809605628515412016e-07 3.189365211766599992e-07 3.823067422738853777e-08 3.049615188318541167e-07 1.066998910468077794e-07 2.175195067482869709e-07 5.900563653754436219e-08 1.724445173054492408e-07 1.847839795962857032e-07 9.485730753817166292e-08 2.906654194027680313e-08 1.705543231129595861e-07 2.081486082636634636e-07 2.013837184745518048e-07 7.456588491325356969e-08 7.425822831404335026e-09 3.327945610854068405e-08 1.284690263192321053e-07 1.791383211037565586e-08 1.850106144803495166e-08 1.828813962124488222e-07 1.030376910397869805e-07 2.694941336187545210e-07 2.256686465442375088e-07 2.754335683964238580e-07 1.596042543741231230e-08 1.084467726901644952e-07 3.658710441908608307e-08 1.374727491036701547e-08 1.571543745214045102e-07 1.303481633798389609e-07 1.944844334444087187e-07 2.498004685666855066e-07 1.058075467884842940e-07 6.471116365110865325e-08 4.606404669096764572e-08 2.683999636316161826e-07 5.835637659681378714e-08 2.490698054913641571e-08 3.816630322995538682e-07 1.236949868216732034e-07 1.286163766910586385e-07 1.998810453956356887e-07 9.792249880273018751e-08 2.702901716911939250e-07 2.210942875198508177e-07 1.752845431604985367e-07 2.873236718803363606e-07 4.164599506786850850e-07 4.011744097950593142e-08 1.371891158844063094e-08 3.658515550831979978e-07 3.873136184218407650e-07 7.515981465773702460e-08 1.750271631804683949e-09 3.032743222050412091e-07 4.285765884685462286e-08 2.918501628125730676e-07 1.632709255566540380e-07 2.372905323850368257e-07 2.221803893370285631e-07 1.747639957995960822e-07 1.959329897464471740e-07 1.360875126274886486e-07 3.046427604170456844e-07 4.326571061691195991e-07 1.817037981477978315e-07 6.412810345427470823e-08 2.155683871046253932e-07 4.457863620151037706e-07 2.606549164916478203e-07 6.676752434353906674e-08 5.309563841282270735e-09 3.239624205627359083e-07 1.175862264572996986e-07 3.095679429766327314e-07 1.720033567269932406e-07 6.976149425775723825e-08 1.781223126769941324e-07 4.214616279281557700e-08 1.081340904454983182e-07 1.703210087620711581e-07 2.173313151811327086e-08 2.024503239231783207e-07 5.479384025575607562e-08 2.843017104070675509e-07 3.304150350154954675e-07 2.105071519899826069e-08 2.058332817745622123e-07 5.536973952959036165e-09 1.784074830482334400e-07 2.855105639811093138e-08 1.185805564796749687e-07 3.328501151980593976e-07 2.615858633000608160e-07 1.470935994695569575e-07 3.200505850518285846e-07 7.142009393287614334e-08
1.702809313834961280e-07 6.532442271285283285e-07 5.750447503061527712e-08 3.918794802619378505e-07 1.899611853860589815e-07 3.037792092173408461e-07 8.244600413864728661e-08 4.830871587532899918e-07 4.656882849244601283e-08 1.051417287776734645e-07 7.899946443612135012e-08 8.599039674454212828e-07 7.285442329225580411e-07 6.837212535231197426e-09 6.268580272056691082e-07 4.533714541923109653e-07 3.362261123774075124e-07 6.258561737999323649e-08 4.971032666839923000e-07 4.597917125053608531e-07 2.972337945188998682e-07 1.968674396697420853e-07 6.767778898386758767e-07 3.168382297682044131e-08 6.420822625868570260e-07 1.017205503962128135e-07 1.215596756517666241e-07 4.766126148163263456e-07 8.977727249813679850e-08 1.282445308910086317e-08 2.522868098329603516e-08 3.857950337860371074e-07 5.871757457005611161e-08 1.713598635042932940e-07 2.824511490327979399e-07 3.141616606568974914e-07 4.493365995072054166e-07 6.118060148375908762e-07 2.408689978577874865e-07 4.522671843508565729e-07 2.954848218151335420e-07 2.988936628443257185e-07 4.692219927489582203e-07 1.657904722665573733e-08 3.165325192880972616e-08 5.326301204235069287e-07 1.337050363738466105e-08 1.727621701019362363e-07 6.118900517296329449e-07 5.685751566146740528e-07 6.968646561664408720e-08 3.348153984980662903e-07 6.112999839419887478e-09 7.730748417986461484e-08 5.286241444452680966e-07 2.765081503030403752e-07 1.101532292751093966e-07 1.354090490017156124e-06 3.590865260877146217e-08 3.852435920073987079e-07 2.936403721535911612e-07 3.790228168698611861e-07 2.756677383376419769e-07 3.683388354534140738e-07 1.851781344627188809e-07 8.610858541504227135e-07 3.312154016489464214e-07 5.912175275074151915e-08 8.232296275813526102e-08 6.641169539700061486e-08 5.076101080435373332e-08 2.289298159819914378e-07 3.698881634073855704e-07 6.118184706703106308e-07 2.617961978426379551e-07 3.738169798730499825e-07 3.860066660650839234e-07 9.066635189426732871e-07 2.801442307761420179e-07 3.364071394017329342e-07 3.540994793148311785e-07 4.617440938633577357e-07 3.396801102891799701e-07 1.506975884264279689e-07 4.807528555545756519e-08 8.398591217850212868e-08 5.008486792390170415e-07 8.683610349217521789e-08 3.040238145739810341e-07 3.727456024939157975e-08 2.958119112018541951e-07 7.871327413762839296e-07 2.157380899435801990e-07 3.977653321890110101e-07 1.254064694613519121e-07 2.885276034953958388e-08 1.033566797858981496e-07 3.691231641164324627e-07 3.151015729906981466e-07 6.872084969291285131e-07
5.065458573516016285e-07 7.116959777417370292e-07 8.674975726698156943e-07 2.774626632239242467e-07 5.378554735145218155e-07 1.120310676443666826e-06 3.699492945804224787e-07 7.575190449181837108e-07 1.079840042185436271e-06 5.261125126301531232e-07 2.876393160490774137e-07 1.877590617597366368e-07 3.016222566272025408e-07 6.212076819610464347e-07 6.703080451297066056e-08 6.599764532694475948e-07 1.866830733829395240e-07 6.562985065321436324e-08 6.123611514566901535e-07 1.672847923855109179e-07 7.877777530625546329e-07 2.090124179522332446e-07 5.974500229358146726e-07 7.386328109745150252e-08 9.021990180349342362e-08 8.125303816526221996e-07 1.379458101806037862e-06 3.458909372366542225e-07 9.712046301847617895e-07 1.133327589417839487e-06 6.489480461797410830e-07 5.795496250946000684e-07 9.825021272234253774e-07 2.264886324014772314e-06 1.468037576653367444e-06 8.751700770977495963e-07 5.969749158829430345e-07 4.075767633330955059e-07 3.656983408955468247e-07 8.017232893441007569e-07 4.841697376059599317e-07 7.567022291134620009e-08 3.958202025673891473e-07 2.966185339081591236e-07 4.051152227309048323e-07 2.427883025420838811e-07 9.008675790233098689e-08 2.809993025680530615e-08 1.576102193493366039e-07 2.416517585687456404e-07 2.426099006645929902e-07 1.490279283983759597e-06 1.195744860356998910e-06 3.066657484818471993e-07 6.248595201107481326e-07 7.305536070729221206e-07 1.638071446798012193e-07 8.121255469835148862e-07 5.050221948062001058e-07 1.154340809508882382e-07 1.855154623915822055e-07 2.340877964307952388e-07 8.953490183103726365e-07 8.717800987859248933e-08 1.668106668069489957e-07 1.304598221181526335e-06 6.477664444749853728e-07 1.121057216612634334e-07 3.419471571486753771e-07 5.128717463306100817e-07 8.418786945579240249e-07 2.201544631407265957e-07 3.869659694528038743e-07 1.402775012300725419e-09 3.901376514454158492e-07 5.732839055195560732e-08 6.176245623847382194e-08 1.116747861285795389e-07 6.974103381546719265e-07 2.668514975352795739e-07 3.511107859691102613e-07 1.918185596405310730e-07 7.635999966552572439e-08 2.551086197093862081e-07 1.185531693526815109e-07 8.904366883636160782e-07 2.555586331839805435e-07 7.745719189335338074e-07 6.311141058973733921e-07 1.586428971280837928e-07 5.262412139408126620e-07 4.907510851033803072e-07 6.026279569471007188e-09 5.731247589994191384e-09 3.223494809936028842e-07 3.359042655174144664e-07 2.635560144757811648e-07 4.863561354004804904e-07 3.338638896401638627e-07 1.075339165473815177e-07
2.515064098835150623e-06 3.261775107745846670e-06 3.635647654270438814e-06 1.121125636948547708e-06 5.008147293618549082e-07 1.091107965603397060e-06 2.949101115088878511e-06 5.212366916275561109e-07 3.684000118611179599e-06 2.106306546993321768e-07 5.648406238886457214e-07 1.729050430682485851e-06 4.890770334241035931e-07 3.611243141670161398e-06 1.288641024657085371e-06 1.894363152858159760e-07 3.726256250176825452e-06 2.121932677026882092e-06 3.648745648027627563e-06 2.095229546784250967e-06 1.795079460213078342e-06 6.768035649047072453e-07 4.266172907919361086e-06 3.522834841326803984e-06 1.810169422409591553e-07 4.177207708353550717e-06 1.635427045122856413e-06 1.996461643309831261e-06 2.908854066922927348e-06 2.051247930129061520e-06 3.628798385035461306e-06 1.305749855975766026e-06 1.868729435064072689e-06 1.401396826412354237e-06 6.604478914060182956e-07 3.832073202170668778e-06 9.920978490219960980e-07 8.887876844750936559e-07 4.623741004465566120e-06 3.730975236814772743e-06 4.779542338166517141e-06 1.253721248766178947e-07 7.099266967307040204e-07 1.111519489091350110e-06 5.186595182980324720e-07 3.316468810930846509e-06 1.588795047022919301e-06 1.722750926525042599e-06 1.500270903107756004e-07 4.999603946264412428e-06 2.585066613713085640e-06 2.215427915475989040e-06 1.229316313172533430e-06 1.279475240331960005e-06 1.648715107660012990e-06 4.061422258877173602e-06 1.453374677055919284e-06 3.201418479130582170e-06 9.746303559326358474e-07 9.466865168966931952e-07 8.258134754645878972e-07 5.950641005681238767e-07 3.542495747332544600e-06 5.966467016553267692e-08 1.385635519288423728e-06 4.792951627962582290e-07 1.081016918374328494e-06 1.692327532893497159e-06 1.008650739521202563e-06 2.148765039565349170e-06 1.317505370687385325e-06 2.845945168178622823e-06 2.260478757601300768e-08 1.544516892627377893e-06 3.806740026182479320e-06 5.511229237318304741e-08 1.479846714773473692e-06 2.520209469892284378e-06 1.976368485909709327e-06 2.644258583779968727e-06 2.355562823804440188e-06 2.222829310252479284e-06 4.187818415594770808e-06 9.889201090827474581e-07 1.072728783454751479e-06 1.058353193555610242e-06 1.877986021590957592e-06 1.101961987564350164e-06 3.114497322849796627e-06 4.416400594046019311e-06 2.388786056744849571e-06 6.233394593732583211e-07 4.521679634942484108e-07 2.592987651200156197e-06 1.120001220439987931e-06 1.312383669018202180e-06 1.418785190104698073e-06 2.021865062028740430e-06 1.392563729321076360e-06 9.031569143156013770e-07
5.212711848371701638e-09 2.858966182385019254e-08 1.598080440520252912e-07 1.083581073196256204e-07 6.313054151442768663e-08 2.285278623721651763e-08 6.004825936581584408e-08 6.487547866459495815e-08 6.254715344130256077e-08 3.592838775167027572e-08 8.849121366884122306e-08 2.315556373291209440e-08 1.051955946342440507e-07 3.327091841995377457e-08 3.878946162710353795e-08 1.076554296320490382e-07 5.639455116500988847e-08 6.891821065651922607e-08 9.442978781838973483e-08 2.801473755469813568e-08 7.221626905572752777e-08 2.729087047642708241e-08 8.350889423424314611e-08 1.697848039391101747e-07 7.708088619471252978e-08 6.070585321256552263e-08 2.618883076759246926e-08 5.529984864329738636e-08 6.640114690221930141e-08 3.722846939185276891e-08 4.289731330641240918e-08 7.597055240410046869e-08 7.556938841150140178e-08 5.517761253484160515e-08 4.672127524135706556e-08 1.291337588419863439e-07 1.035707315194014222e-07 3.886186690150998820e-08 3.238859860836726357e-08 1.266864215571424513e-07 3.781191153426220937e-08 1.624007590020093992e-08 2.257683176016370987e-08 6.052243603627689673e-08 3.732956227922009989e-08 4.031961434741867210e-09 4.939460399204235650e-08 6.121928847448755435e-08 1.466577763391256780e-08 5.817000617603247095e-08 1.150531893294309013e-08 5.374869536535256654e-08 4.227136249414852423e-08 7.496257654630057450e-08 6.155318672497188154e-08 1.057170375402456290e-07 1.786993877984167288e-07 5.910678962944199198e-08 1.143964093029329845e-07 1.083674554748457070e-07 2.431137998397679733e-09 7.700529129682585211e-08 2.858917357561271163e-08 1.014085501313454689e-07 1.214663003180716319e-08 4.173513913527417672e-08 9.951694002651435248e-09 2.486068934804285706e-08 5.025338961622110299e-08 4.915915242384209739e-08 8.850824140625628629e-09 9.567127408426323283e-09 1.908459572448472513e-08 1.232052086834710809e-07 1.709395164881536756e-08 4.525940635447030388e-08 5.708396253669098552e-08 2.475731745556250909e-08 1.491840165243911356e-07 1.131144386164984156e-07 7.401445047184156416e-09 1.331826226461028760e-07 2.737062453158019585e-08 3.045839434200354871e-08 7.021319947063850669e-08 5.347089381658610822e-08 7.136409042187051512e-09 8.833163111534358459e-08 1.481333557614863099e-07 1.215140396017078746e-08 3.909801858903135321e-08 2.784582962027723615e-08 2.882464239923613529e-08 2.094339214140531825e-08 7.028669589361097607e-08 8.165834193526749112e-08 8.830885394077100936e-08 1.289686244076715122e-07 5.871655183150129595e-08 7.065884434303925212e-08
