5.566403845396224312e-04
1.238595530641858737e-04
1.555555460111248333e-04
5.673680569671447124e-05
9.064785069850729864e-05
3.287928252594994285e-05
6.623406629881665954e-05
3.341694031336883561e-05
5.024277579772209524e-05
2.099778635335090954e-05
4.064376187413525586e-05
1.663350011881239594e-05
3.546911638546604539e-05
1.977646942318224256e-05
3.068752796705740175e-05
1.275470187188344832e-05
2.632124479857402466e-05
1.166861817093521588e-05
2.403320839116691735e-05
1.355090296341774901e-05
2.225201071481249036e-05
1.268501437210051966e-05
1.975458428815641935e-05
9.410870540536148392e-06
1.806753495070151201e-05
9.776065952878282994e-06
1.732699994206289080e-05
1.248645208288168108e-05
1.605405734598841706e-05
8.178429513455618313e-06
1.457586569380922016e-05
7.384652807067530773e-06
1.401423167947754176e-05
9.709091394673756949e-06
1.360878827023455195e-05
7.340269283092977440e-06
1.251332413367513131e-05
6.099938896273126931e-06
1.170849093571413818e-05
7.652667752600891452e-06
1.174034990579266882e-05
6.555112652876041156e-06
1.111542982931240101e-05
6.450089564206660080e-06
1.014127372213076661e-05
5.968515193073665673e-06
1.017258824062348690e-05
5.691739293349841747e-06
9.978329092000320924e-06
6.528059142200024749e-06
9.113479710891153574e-06
4.894180976721130077e-06
8.866042820611757912e-06
4.849528030841167392e-06
8.909748918646416798e-06
6.444564233392198543e-06
8.431089813204038216e-06
4.403199782504984835e-06
7.924148237335676230e-06
4.295543121928494470e-06
7.900994965507679026e-06
5.869401731462709225e-06
7.895145530765735364e-06
4.148962560996323488e-06
7.355506714082201719e-06
4.390899210242940971e-06
7.046041243813086160e-06
5.056253096638972311e-06
7.334710581263255724e-06
3.922464068701265167e-06
6.990837153083981238e-06
4.548957356531347032e-06
6.420297037672082861e-06
4.486695630095499780e-06
6.688376645433575916e-06
3.635737095768149372e-06
6.639097334047453706e-06
4.479144595302961779e-06
6.028616697641094756e-06
4.002837802199381963e-06
6.046044844833243088e-06
3.368751359601114394e-06
6.186262687825128914e-06
4.475165935313243519e-06
5.809797875036342655e-06
3.501654931357116673e-06
5.553854814183930747e-06
3.338968537563482561e-06
5.649759600252857632e-06
4.274910397959511994e-06
5.649342826330658352e-06
3.128529027711711534e-06
5.270938585860474835e-06
3.481189792338870823e-06
5.140567300040814209e-06
3.878013908026504531e-06
5.416172088743249696e-06
2.904913284210961005e-06
5.132419390155100640e-06
3.472034713157036936e-06
4.757222299177203163e-06
3.502006378309536061e-06
5.054402707309900578e-06
2.754842658671482640e-06
5.007106585797427681e-06
3.452540287434798641e-06
4.532943144563999489e-06
3.219650196283913616e-06
4.641032627857971526e-06
2.687263570176676537e-06
4.780854859359738369e-06
3.464558198318642383e-06
4.439171766980429690e-06
2.952959860721395106e-06
4.304238063209628712e-06
2.750012863837963450e-06
4.441999446199998766e-06
3.376885974299005978e-06
4.395612275813385892e-06
2.659528064139158471e-06
4.111683819635305011e-06
2.816017558637589409e-06
4.080954442926666847e-06
3.154798604534881267e-06
4.293652621340140528e-06
2.417165202628569277e-06
4.040221920221009299e-06
2.801787034466371879e-06
3.795673628409695416e-06
2.888357894161696149e-06
4.070789761837269700e-06
2.277322780504798853e-06
3.999497981508279671e-06
2.798071084438835570e-06
3.630294053093617174e-06
2.664680237839023690e-06
3.775908740794030783e-06
2.239155484389897707e-06
3.884806676659742662e-06
2.816179012569520309e-06
3.574097550168119115e-06
2.479482712137410458e-06
3.516013904950201477e-06
2.284190503939759384e-06
3.659665347619968464e-06
2.777784751260023615e-06
3.570867919114757474e-06
2.275861771522397847e-06
3.360809981441864657e-06
2.326244873764733001e-06
3.386718193050114219e-06
2.640012654610333064e-06
3.532884075270042177e-06
2.066356326243452935e-06
3.309634615080727252e-06
2.320633018982728881e-06
3.155588795451233111e-06
2.440249461292339135e-06
3.394403227434926445e-06
1.923900035700932612e-06
3.300936199504813577e-06
2.319141836042787965e-06
3.015795122952204243e-06
2.251722221787708459e-06
3.176859278636996631e-06
1.870828213761341278e-06
3.245220648146482714e-06
2.340367071087372879e-06
2.968567659818140168e-06
2.098804071829814644e-06
2.965403118115105106e-06
1.890620922129423915e-06
3.093150082009952915e-06
2.332832642010675540e-06
2.975732327481355485e-06
1.935008234343139095e-06
2.828787231977485208e-06
1.931454729969531331e-06
2.881958480763113844e-06
2.244238906332244372e-06
2.968998034920187516e-06
1.749306693412404414e-06
2.780676142897164986e-06
1.940663440405609614e-06
2.688469433280945734e-06
2.084061991154770242e-06
2.885561887848228403e-06
1.613949290933174069e-06
2.780051153575483518e-06
1.938678578862961583e-06
2.563163684145181295e-06
1.918300555139250860e-06
2.725103478754912695e-06
1.550902725722774573e-06
2.753238322373576738e-06
1.959919013127690968e-06
2.514891714400608957e-06
1.782230741720126957e-06
2.550096456004904963e-06
1.541833747543598346e-06
2.648427888749065825e-06
1.978930879951350678e-06
2.518492659951420287e-06
1.627652518020034468e-06
2.424842347262403651e-06
1.574977819801113877e-06
2.484190027290350405e-06
1.929594084297781051e-06
2.522677788116801083e-06
1.455033576443180001e-06
2.372875103103203104e-06
1.610514781525578245e-06
2.322263069068265727e-06
1.792563312481291640e-06
2.473309224243937125e-06
1.352389401963669966e-06
2.368179538822997262e-06
1.621358807767063317e-06
2.209507891025362830e-06
1.637836913734227831e-06
2.357003832652510957e-06
1.304219232162846989e-06
2.351119729726825971e-06
1.641918862599771671e-06
2.158355542239014315e-06
1.503140979367397315e-06
2.214008705218589582e-06
1.266341642233538124e-06
2.275269523736995038e-06
1.689841403450872941e-06
2.152327161459703708e-06
1.329992273484886975e-06
2.099148737532938755e-06
1.246417773165149225e-06
2.149168876134492599e-06
1.692161369042829608e-06
2.153994254107123151e-06
1.195178274092601849e-06
2.042129108256485418e-06
1.267892472667626261e-06
2.018773926498623856e-06
1.568403879617726601e-06
2.121579393080421799e-06
1.158306705043729623e-06
2.028319050245597615e-06
1.316465437455997117e-06
1.922426039226602616e-06
1.400369713233515870e-06
2.038982380352271595e-06
1.144130089452550189e-06
2.009593336343959078e-06
1.366759732354266261e-06
1.872320686273084402e-06
1.220226357741903647e-06
1.928990061237386833e-06
1.104012980903746258e-06
1.951394542239956352e-06
1.464543417441346058e-06
1.857664892842225966e-06
1.051135653592244413e-06
1.831679830798043811e-06
1.042661068865363803e-06
1.860119849946900135e-06
1.594253761206342530e-06
1.852544380189941312e-06
1.004957104880806213e-06
1.777567618873557986e-06
9.919475394790703518e-07
1.765223967537722208e-06
1.453023658737179502e-06
1.829647771023623103e-06
1.020951168399610605e-06
1.761563877142957709e-06
9.843539787441215948e-07
1.692544478263948892e-06
1.159439103131287076e-06
1.781828911950453111e-06
1.032714060487895687e-06
1.748885351061225668e-06
1.040923486898090954e-06
1.653286557356326810e-06
9.556879350550526717e-07
1.735626729029327699e-06
1.005188681874711280e-06
1.729103272936276447e-06
1.205111040005173184e-06
1.650143659937560192e-06
8.839115188241595431e-07
1.754396738025593219e-06
9.405193325367545805e-07
1.724158676558180064e-06
1.717759437852575315e-06
1.727646665955161535e-06
8.931417353229525494e-07
1.992995558019585095e-06
9.243292824382176918e-07
1.897753650740822919e-06
2.270993565381299131e-07
9.916114168751210609e-07
9.111426064330876498e-07
3.539201089218731820e-07
6.924186608561025116e-07
1.371017075800762378e-06
3.636769382965077426e-07
8.779520865678864036e-07
9.319102593648904362e-07
5.641860032440065592e-07
5.524727121114653147e-07
1.394275650070087012e-06
5.228668481886826479e-07
6.225185632136452876e-07
9.181594952902377240e-07
7.991854829892928394e-07
3.816991385664784627e-07
1.364131738159432914e-06
6.577698499021964722e-07
3.982588647681368865e-07
8.706287731995592193e-07
1.021521578648049461e-06
2.540124440409434627e-07
1.277805324830398183e-06
7.580857527098881254e-07
2.925510759636520639e-07
7.910320901956694493e-07
1.155687004022325120e-06
2.279378650626894636e-07
1.043958095482864271e-06
8.232259881283430132e-07
2.999840449277642618e-07
6.283974229351169168e-07
1.116518594811177967e-06
2.552886578999554106e-07
1.785188764257009466e-06
8.617901861525322400e-07
1.703564786018498180e-06
8.638427919126737633e-07
1.417018990246063926e-06
8.790193756401687096e-07
1.553565531499732123e-06
8.558010463992346954e-07
1.497588370653161950e-06
9.427021545385687166e-07
1.378270703238292737e-06
7.683242314766158400e-07
1.443722672952125084e-06
8.168065815698349618e-07
1.420927726530887656e-06
1.183208719441809133e-06
1.381763029088478821e-06
7.492317712240474258e-07
1.377543844144341356e-06
7.706189938490688450e-07
1.370612008054051072e-06
1.288862195582566639e-06
1.394341438798144646e-06
7.668719779839305269e-07
1.352074788966958374e-06
7.589557919838281260e-07
1.326800028506638191e-06
1.068675372654319669e-06
1.396518902288228002e-06
7.891191145352227322e-07
1.356483757891412290e-06
8.268841006389398220e-07
1.296500399882130248e-06
9.231198144205475012e-07
1.375468952059029969e-06
7.922977913242715833e-07
1.366069546637490546e-06
9.442197965914228834e-07
1.288702240955658059e-06
8.357551174917680949e-07
1.334063580884455802e-06
7.722545577352189965e-07
1.358664475011160928e-06
1.051981804772231580e-06
1.304020851987061539e-06
7.780538327554503019e-07
1.294157887449248541e-06
7.565947413169425432e-07
1.325882820553243828e-06
1.097993058292703805e-06
1.331084230443661482e-06
7.528821944187717329e-07
1.280443575150286350e-06
7.915889879110613731e-07
1.279565007393794943e-06
1.033943772545769934e-06
1.347828058020251885e-06
7.492289973561362806e-07
1.295410380783132655e-06
8.681527895942482004e-07
1.241350142215383188e-06
9.497933621619812371e-07
1.334026841413088774e-06
7.481326816503360686e-07
1.318182785760551578e-06
9.269939969206764346e-07
1.227298018212809294e-06
8.896210145954308302e-07
1.291424482125143095e-06
7.446291949473966694e-07
1.321246488696906331e-06
9.836770551263026598e-07
1.240977773430162301e-06
8.372129179738282314e-07
1.245904377451712614e-06
7.608175547223537479e-07
1.290925523700603336e-06
1.018377792955935949e-06
1.271664891623033444e-06
7.852121559029689485e-07
1.224442710453545282e-06
8.117529311225358534e-07
1.239339128620720983e-06
9.955220100720164837e-07
1.295269717451922845e-06
7.477711132762608471e-07
1.234103784081942319e-06
8.605452441541831499e-07
1.192269872370795430e-06
9.384837050623311064e-07
1.287025579475620496e-06
7.302552978750488420e-07
1.258797855035810724e-06
8.959528854679003207e-07
1.169414798297479323e-06
8.851447265136421966e-07
1.245286322081429196e-06
7.308232669415704708e-07
1.269437485080650241e-06
9.365139487473415510e-07
1.176558417630578465e-06
8.426115661996397518e-07
1.195534581022843427e-06
7.554223070594326242e-07
1.245445197076643901e-06
9.658510535990089331e-07
1.204837855777191569e-06
7.980899888724226849e-07
1.166090758856835744e-06
7.967951954937787846e-07
1.194067608578784974e-06
9.571623953290318361e-07
1.231364444432139861e-06
7.515263584417133129e-07
1.167798573211085137e-06
8.294691957059481950e-07
1.141761458315134343e-06
9.140209599837752590e-07
1.229457629366569576e-06
7.193551343965550259e-07
1.189746053496138218e-06
8.552652866913880567e-07
1.111019097682262763e-06
8.623021400618736585e-07
1.192343942759588602e-06
7.111827695992078677e-07
1.204973976667745447e-06
8.872875707779744297e-07
1.110100717905176175e-06
8.188041639754832306e-07
1.141765629929753509e-06
7.273748689128660529e-07
1.188714856336348784e-06
9.144531316357935328e-07
1.132823813085637006e-06
7.778278552339241613e-07
1.106254236106408630e-06
7.575987506138435853e-07
1.141641594362431537e-06
9.135206849801118652e-07
1.159367991259712904e-06
7.311903864373816043e-07
1.099900416500973900e-06
7.833426520155807577e-07
1.087879009806051564e-06
8.784325776948434036e-07
1.163527826890273230e-06
6.910610241924709832e-07
1.116534089881644318e-06
8.039006865635121657e-07
1.051384545178222672e-06
8.270350188436436040e-07
1.133579427438332406e-06
6.725612206921295342e-07
1.132823678150149193e-06
8.306309889705946240e-07
1.042675086260362290e-06
7.799500498188906069e-07
1.085329386082951724e-06
6.770997075808113827e-07
1.122860453795498073e-06
8.589981713226088944e-07
1.058288256220663156e-06
7.365385571195133409e-07
1.045915590798197291e-06
6.982197207185618767e-07
1.081741967615901835e-06
8.664795523610664583e-07
1.082113482605973483e-06
6.867314383310349126e-07
1.032027750087436777e-06
7.223039716268175707e-07
1.029514220345732982e-06
8.372376337531019049e-07
1.090411742248554831e-06
6.424556692720251698e-07
1.041687581677092799e-06
7.420733726817306856e-07
9.898627472459725542e-07
7.836238598468369065e-07
1.068354405215364373e-06
6.195566510456471861e-07
1.055440134224350430e-06
7.665892148955469099e-07
9.747014836523008593e-07
7.304787350279719702e-07
1.025003086181659031e-06
6.147027995953550080e-07
1.048572369807951313e-06
8.005633002238949183e-07
9.827101771714535471e-07
6.795619736317505657e-07
9.840656332833032826e-07
6.232251106201032378e-07
1.013196342322473872e-06
8.234828714425674602e-07
1.001257240802504161e-06
6.240579863721454516e-07
9.637027569034462137e-07
6.425088698882102638e-07
9.650260109889338208e-07
8.021346281084212261e-07
1.010414917433572133e-06
5.842869755304643737e-07
9.655675160755975040e-07
6.656139085687152627e-07
9.255682122177275640e-07
7.399302026352646260e-07
9.951862902062720523e-07
5.688049782552839941e-07
9.737103158335421805e-07
6.940384758236166816e-07
9.066443789380211968e-07
6.718744140653097520e-07
9.590137876001224019e-07
5.618345342777411290e-07
9.662499619278545323e-07
7.414819011027351506e-07
9.080910179372516546e-07
6.059736386287947835e-07
9.202587785372136770e-07
5.551844167135630049e-07
9.357960806143397317e-07
7.999666840400939052e-07
9.201201382034769884e-07
5.518952602757962800e-07
8.965853017622585658e-07
5.547455834393405638e-07
8.946393664097807217e-07
7.973606833970357657e-07
9.274216728422698222e-07
5.302288454375768463e-07
8.925713386952634244e-07
5.677302498221445969e-07
8.601061026915684526e-07
7.026560327388659126e-07
9.183690325912547984e-07
5.297843995892118338e-07
8.952048882349511292e-07
5.980983692220653060e-07
8.421206062158651298e-07
5.997479767912474868e-07
8.949803832046285461e-07
5.279734970954064711e-07
8.872215425204444207e-07
6.618813421888219007e-07
8.412376050880888077e-07
5.262553027514235806e-07
8.717002144653981094e-07
5.146313119431552925e-07
8.656599490947581159e-07
7.867395982604094669e-07
8.521370670523479669e-07
4.905223411530460913e-07
8.662365609528946171e-07
4.976793612823997309e-07
8.401664950860564593e-07
8.529851754264812319e-07
8.717341325525298534e-07
4.866240031950276037e-07
8.923091954767136557e-07
4.990724553464916847e-07
8.249516041308241663e-07
7.142813395585887423e-07
9.170328243997806254e-07
4.973595786971051568e-07
9.613522816207631616e-07
5.623801805844233009e-07
8.523103721798093315e-07
6.408247799268777288e-07
1.057536427308743444e-06
4.922858513521657605e-07
3.025008459118882585e-07
2.290856434464521864e-07
6.886782574981130509e-07
3.052618791610921225e-07
2.754705574460222184e-07
4.902345455991535588e-07
4.522837119445334134e-07
1.967881681655214104e-07
6.951195180006743361e-07
3.939649516706656812e-07
2.315227463700792360e-07
4.619426068706270991e-07
5.771615645714621832e-07
1.718980712042104730e-07
6.410582591811704827e-07
4.419284727221985583e-07
2.119265881842309929e-07
4.142654330191785397e-07
6.488828245945583639e-07
1.798628215967415271e-07
5.355805105569302303e-07
4.687249735270413878e-07
2.379734229873006819e-07
3.464398175343290248e-07
6.829133283913834523e-07
2.273855004555820257e-07
4.098614687419655744e-07
4.786534508462903997e-07
3.217288942457897123e-07
2.695490711944158658e-07
6.929989249035720650e-07
2.993898716185494011e-07
3.025975819869923135e-07
4.727114715350298349e-07
4.286397046540652269e-07
2.053604913459487316e-07
6.773240402309454623e-07
3.639860138151467181e-07
2.343020877323862972e-07
4.510824714922026964e-07
5.120708155385840438e-07
1.677439834582511120e-07
5.992433511908774360e-07
4.108832924144794405e-07
2.002155197568646752e-07
3.931702824273281583e-07
5.374367450193464691e-07
1.549327012843975877e-07
9.616945872074493741e-07
4.537615371361492950e-07
9.590596502228039839e-07
5.059735449766571142e-07
7.783862281086664384e-07
6.128579724220568228e-07
8.609338505664438175e-07
4.618860353602488618e-07
8.374137953371790218e-07
5.310995247462001913e-07
7.382761751945307107e-07
4.948123404027924228e-07
8.090836902623263497e-07
4.600390560684715483e-07
7.843341097387711375e-07
6.169598860562252500e-07
7.396953671383594587e-07
4.491127007644710874e-07
7.722470821392480867e-07
4.491942351895834147e-07
7.545637768131982568e-07
7.263871536320279576e-07
7.531979660127423151e-07
4.369213830950555312e-07
7.511549445580303222e-07
4.475781514192497614e-07
7.321869095090421359e-07
6.935091116780685342e-07
7.666937097695354142e-07
4.411314319687541590e-07
7.482921748909797534e-07
4.717013784531127489e-07
7.164468694048940417e-07
5.913401323953759767e-07
7.700857268353411826e-07
4.482878576512057139e-07
7.554792709165303973e-07
5.222355087634634133e-07
7.114624595939884907e-07
5.249115793699005755e-07
7.590893674585518043e-07
4.498144415328525902e-07
7.598404396802851521e-07
5.889711165223950079e-07
7.195268616780639365e-07
4.861756025723740545e-07
7.405590407448896879e-07
4.497220182915224239e-07
7.522615349845709744e-07
6.478780467809506737e-07
7.379822809448589597e-07
4.621305346345329753e-07
7.285115189638677527e-07
4.630168637123333497e-07
7.335526161399925374e-07
6.482604544134148796e-07
7.578035262600508163e-07
4.497738959093442156e-07
7.315890678107032331e-07
4.952039999917542849e-07
7.134223264485216394e-07
6.005353190310941721e-07
7.661068366833232695e-07
4.461485486170455904e-07
7.457478510283966247e-07
5.333995264010586917e-07
7.025382416193588172e-07
5.526699921899068075e-07
7.559528763832556144e-07
4.472311575081482239e-07
7.575689183743652355e-07
5.737715795954713013e-07
7.064761058692176564e-07
5.184040748257970288e-07
7.348200376758145412e-07
4.552670794047944696e-07
7.541726812334271598e-07
6.100588713289516827e-07
7.237908989337896349e-07
4.916195919013571965e-07
7.184284804476256256e-07
4.761647427756996371e-07
7.342348610065030246e-07
6.190196209403074129e-07
7.453080903097082812e-07
4.691720588375614374e-07
7.173251558014072851e-07
5.041979223837787247e-07
7.089234680761048564e-07
5.953026539073308196e-07
7.564525531773617348e-07
4.545228349519384341e-07
7.300864118739929991e-07
5.307251990501258117e-07
6.916524553625671470e-07
5.593268509187072621e-07
7.476796832915834130e-07
4.504725129027750107e-07
7.443480907332003729e-07
5.593564152973165776e-07
6.899443332899825145e-07
5.279101347411989102e-07
7.249957292090945419e-07
4.582066953564133061e-07
7.447327524036728767e-07
5.876473587104700035e-07
7.035435257829474278e-07
5.024946641434704136e-07
7.044709510141244496e-07
4.766499158398529460e-07
7.260695618363421589e-07
5.997938225301939141e-07
7.242099523513955182e-07
4.788105030140344448e-07
6.982534614024916373e-07
4.981977098458428678e-07
6.983073232690705386e-07
5.863460133789179084e-07
7.373975004024981544e-07
4.586451863250689591e-07
7.073710367558377405e-07
5.182523656737012879e-07
6.762285966447899114e-07
5.560373841570311548e-07
7.314556337202679030e-07
4.481831056561030596e-07
7.215135460946289382e-07
5.411520660975508541e-07
6.690451215731246824e-07
5.242221993361699609e-07
7.094285194527077121e-07
4.502574250670129979e-07
7.247948618653577885e-07
5.664369814563100845e-07
6.778832599585369426e-07
4.972618928421156312e-07
6.863296241454133138e-07
4.628329010354947147e-07
7.087785823341525018e-07
5.817154866062339021e-07
6.960459425452047069e-07
4.721169782540860791e-07
6.754431337818989737e-07
4.796166965004525109e-07
6.808317822268037602e-07
5.743652614059124180e-07
7.102404370236452782e-07
4.485283031155722907e-07
6.800257384283687348e-07
4.963712776794087440e-07
6.557777351868769111e-07
5.462263994863115806e-07
7.077703629298710560e-07
4.329890200792475092e-07
6.920419101518306442e-07
5.163728060442852899e-07
6.440081114951131885e-07
5.116457846170626137e-07
6.882392105022366125e-07
4.292808579232226891e-07
6.963846258582487633e-07
5.418532335325912617e-07
6.478997206582429764e-07
4.804678072861619280e-07
6.642839841740423637e-07
4.358287162470655413e-07
6.827926661156003279e-07
5.633245122682404585e-07
6.623649679272093554e-07
4.514136359991359184e-07
6.495612545018108495e-07
4.486596079562198344e-07
6.559845002762270197e-07
5.629618245813731921e-07
6.760389999242918605e-07
4.247959713835829349e-07
6.492537009775742192e-07
4.639702937312138399e-07
6.297544903315532260e-07
5.344287482745931655e-07
6.765610924713274687e-07
4.075991850696212695e-07
6.574769229647444675e-07
4.834362046606545050e-07
6.148361532485497347e-07
4.930265545786532661e-07
6.607280239623331793e-07
4.014039970930427854e-07
6.605414530541402159e-07
5.124349187206126341e-07
6.143639308471376805e-07
4.538519011435164630e-07
6.378407140388619199e-07
4.022865704273242933e-07
6.480449381576343573e-07
5.468735945125551346e-07
6.245171174852875762e-07
4.190615636405919601e-07
6.207730935240922817e-07
4.083502568301016612e-07
6.230876368307749477e-07
5.605198370737667595e-07
6.360608702532724584e-07
3.925527482847015581e-07
6.161187669570405153e-07
4.196719475940194087e-07
5.977855875691978166e-07
5.279416609495964488e-07
6.384383490620324426e-07
3.798716125012821951e-07
6.198525879411296744e-07
4.384944719771991176e-07
5.820905884889325720e-07
4.701184236301173127e-07
6.275093366342616712e-07
3.765103600657030323e-07
6.199085501605256389e-07
4.725704206403405934e-07
5.791337814046800781e-07
4.177983673209924540e-07
6.093799993664011654e-07
3.743426022296943890e-07
6.075434884976375735e-07
5.283544120567550256e-07
5.859912135711833019e-07
3.796636343993235715e-07
5.949594868334629667e-07
3.717389944996670872e-07
5.859617284667350151e-07
5.739935867547002729e-07
5.960588211611180708e-07
3.591452611448903835e-07
5.917045995547965663e-07
3.738622462182968897e-07
5.651450752133569354e-07
5.345982570936347935e-07
6.032941989478069245e-07
3.547312398507172182e-07
5.978083059579210710e-07
3.890808368860363816e-07
5.532602184182490560e-07
4.525782180545803029e-07
6.083460307473661436e-07
3.571605178306559616e-07
6.047729453694970772e-07
4.315470417980957075e-07
5.544543292562383443e-07
3.957202559908235376e-07
6.220398719494457276e-07
3.558341386132711300e-07
6.114471526250515833e-07
5.292643626844829406e-07
5.748154435966582614e-07
3.691777595997645992e-07
6.652465185962145005e-07
3.518050315927187157e-07
6.330871148464163864e-07
6.973428626051562589e-07
6.450520080566664518e-07
2.663426418975056681e-07
1.656690410150204245e-07
2.925441748674081641e-07
3.708719770545706368e-07
1.397021300461534068e-07
3.639311612167332119e-07
3.264819683028456068e-07
1.821072226820138978e-07
2.636910597383832147e-07
4.456308432389197658e-07
1.624485643066240551e-07
3.175607379555512808e-07
3.406466707708200067e-07
2.109732461995046462e-07
2.218629068065921890e-07
4.725813913132182029e-07
1.963063466438993542e-07
2.559504470382052019e-07
3.427924197670005110e-07
2.626845393093879108e-07
1.798182478584388532e-07
4.758287291108555842e-07
2.396854992039483569e-07
2.060399898431810621e-07
3.338218165759467533e-07
3.288457409147271737e-07
1.496354777223798591e-07
4.553928056281261900e-07
2.807669628384970090e-07
1.782732692992782278e-07
3.113895721426748851e-07
3.905343697221511311e-07
1.419348860493264510e-07
4.051107864762325203e-07
3.109639605594974406e-07
1.771711015024282744e-07
2.744842318204230388e-07
4.338862790824505357e-07
1.543607663868454923e-07
3.338473115137698738e-07
3.282999922741167154e-07
1.974794195044731850e-07
2.284664892107622083e-07
4.565506076821198413e-07
1.831063856003609840e-07
2.639558899259371424e-07
3.341375908798261908e-07
2.417998062706196075e-07
1.839799875739732051e-07
4.596114466523372646e-07
2.208988753903077741e-07
2.100944616885123523e-07
3.294763985908889858e-07
2.888495316529745641e-07
1.487495111400369709e-07
4.259240219462776995e-07
2.535551610201562852e-07
1.725976775680100384e-07
3.013868323928880503e-07
3.147084606499868943e-07
1.273536347679781571e-07
6.359799476305611053e-07
3.377362470384215702e-07
6.635934626850871167e-07
3.611658189135572948e-07
5.499305485926609900e-07
5.238549644124501766e-07
5.939034076359343523e-07
3.239015364713749421e-07
5.933469035144501107e-07
3.763197605251603748e-07
5.140740192347643572e-07
4.097044381853936757e-07
5.724080215645210917e-07
3.294259372981529879e-07
5.582180391632378722e-07
4.197828520074599119e-07
5.104662101978350869e-07
3.555723195976946065e-07
5.529537633012414741e-07
3.299077652091050249e-07
5.368648893645638320e-07
4.874789626281788126e-07
5.195755961421126040e-07
3.317442710305325330e-07
5.370638501131702284e-07
3.312549603602243696e-07
5.203137088717928677e-07
5.211230874888472498e-07
5.329413528277667467e-07
3.243543982003159153e-07
5.304767213547030801e-07
3.430677595056122150e-07
5.074415652104230041e-07
4.758524491666002163e-07
5.432018775091261727e-07
3.254683317145725547e-07
5.330488518839581704e-07
3.694565561100819651e-07
5.009095901209447625e-07
4.177269905102692795e-07
5.440791576585096694e-07
3.288901963018133490e-07
5.379060138692714467e-07
4.096561190073525973e-07
5.031280304449192295e-07
3.791819996615428796e-07
5.355222082017632309e-07
3.324649062726613973e-07
5.371397389936797152e-07
4.566909595765102444e-07
5.140463802161798263e-07
