2.773408324678231884e-04
6.169482203910370743e-05
4.383856070086670701e-06
1.352781330143136187e-05
1.543913804046537604e-05
1.712995148157209872e-06
5.629503036884680656e-06
4.194088974313926743e-06
1.479432200765844938e-06
1.798893201979663750e-06
3.472529905060868376e-06
8.466942539915803795e-07
1.262818729586869818e-06
1.432360899449960605e-06
8.868093680324282544e-07
5.437166682712160165e-07
1.490464041958110798e-06
5.505829844625875317e-07
4.290240433634052068e-07
7.092894324778332272e-07
6.311464839475663721e-07
2.105829383954344864e-07
7.898202247179689816e-07
3.984926630080429372e-07
1.882358613395192777e-07
4.104407373286433188e-07
4.857398140378234828e-07
1.146900279227577013e-07
4.589281811436339311e-07
3.042992584362426674e-07
1.344983460277628305e-07
2.565327393520748208e-07
3.877977315678815329e-07
1.021984513499452245e-07
2.800137148317651817e-07
2.393511676068969699e-07
1.350237985376643148e-07
1.667530066902325172e-07
3.130202833070074630e-07
1.058244746510949242e-07
1.773029801817576432e-07
1.914259056027280079e-07
1.410401407081926031e-07
1.093592740326316744e-07
2.510926593277520050e-07
1.089738511976027106e-07
1.183116524472124213e-07
1.544339632388720425e-07
1.442190746685953517e-07
7.602385971237054856e-08
1.984271021231427153e-07
1.089417504650735678e-07
8.732973374332577955e-08
1.249441807108960400e-07
1.441478752320941988e-07
6.038348609985048865e-08
1.545205850621122257e-07
1.054665319611291654e-07
7.490313708090372969e-08
1.004202738529694236e-07
1.408920459378080849e-07
5.549307080460993255e-08
1.195191992158144992e-07
9.963055670640569647e-08
7.317054588883577460e-08
7.848334998296512300e-08
1.341868498711639272e-07
5.592977252690848360e-08
9.313600492761256359e-08
9.242313671110353195e-08
7.618425190415123736e-08
6.150187102738527563e-08
1.239240185430624728e-07
5.824703224704953600e-08
7.464004722231194681e-08
8.442277049451579481e-08
8.068017975537856198e-08
5.066121839770303487e-08
1.107874900029169982e-07
6.106842551506662133e-08
6.310669381125065777e-08
7.558777708964659224e-08
8.507835257556763156e-08
4.446479415887740277e-08
9.632827339148003160e-08
6.383425351888260850e-08
5.743513467415139934e-08
6.530204485402133848e-08
8.838320374085653342e-08
4.195220728126848738e-08
8.234735029922368136e-08
6.553977505330209690e-08
5.625167692230471110e-08
5.503719495398735486e-08
8.969519084491399954e-08
4.202920279085268322e-08
7.023375789328818309e-08
6.539540133615044783e-08
5.807878525053404303e-08
4.718787754275018736e-08
8.827775442683375815e-08
4.365354895045223882e-08
6.076674495175532495e-08
6.328075291816221774e-08
6.166012338496573482e-08
4.163314206591110637e-08
8.395853565465810481e-08
4.608114915159162576e-08
5.425685386141863407e-08
5.901274563519480003e-08
6.603192014532972384e-08
3.812767448349181043e-08
7.738820087985448341e-08
4.898369947187984180e-08
5.070843305348434918e-08
5.290664909528231519e-08
7.034886177159758480e-08
3.656870380551855495e-08
6.977585470896194666e-08
5.208811122863745471e-08
4.987842025952354958e-08
4.686859814667253475e-08
7.371717152476387942e-08
3.669355384539760854e-08
6.234320958587521452e-08
5.448428377525649457e-08
5.131709704790420974e-08
4.201663961188172413e-08
7.523934186332175722e-08
3.813006757954911709e-08
5.598807750908941265e-08
5.496003083067849476e-08
5.447256109049108722e-08
3.832270806543648281e-08
7.433313985511058028e-08
4.048704755811035530e-08
5.126441260538332203e-08
5.293460911067374341e-08
5.876897993164744740e-08
3.584134817461254151e-08
7.108646597379793746e-08
4.349566102447915521e-08
4.848473866608449785e-08
4.901326301284875330e-08
6.356996972660913446e-08
3.470401370654072588e-08
6.624731633763433969e-08
4.703519198146602473e-08
4.777998307227112041e-08
4.478487777664483774e-08
6.808723503613721639e-08
3.493471217178477573e-08
6.083176179247786291e-08
5.058772618642175563e-08
4.910204855189417079e-08
4.114257789577590228e-08
7.138761375806614142e-08
3.644222019628074159e-08
5.574566672294141719e-08
5.279713362509870701e-08
5.224307980781315332e-08
3.820635361781933487e-08
7.263830379776011987e-08
3.904157303423927468e-08
5.166351503852355426e-08
5.259256119073619812e-08
5.687452502854548234e-08
3.612699073797536414e-08
7.151119284757218222e-08
4.255064749142989943e-08
4.908178741043511249e-08
5.022034908919972722e-08
6.252965335760135235e-08
3.516801625259993491e-08
6.837799924406541172e-08
4.692076503841066274e-08
4.837871989192291320e-08
4.695115594333040361e-08
6.851753214465595739e-08
3.555317665748044411e-08
6.407983364326210385e-08
5.178854275855090717e-08
4.980313190467199554e-08
4.383168818200062420e-08
7.387378624000496736e-08
3.741062602602467356e-08
5.953895570567066927e-08
5.572119574789652784e-08
5.343941522195238708e-08
4.117452364149537989e-08
7.752432287121980428e-08
4.074763906143658615e-08
5.555735840478587599e-08
5.745947446879488197e-08
5.920406707987333101e-08
3.918053725795008661e-08
7.871510481836667274e-08
4.552266022887406701e-08
5.284007029621748463e-08
5.694523583625568071e-08
6.682152786258090454e-08
3.825661505629941076e-08
7.740242010982051696e-08
5.182001167441751609e-08
5.208450399539362332e-08
5.480501645528423772e-08
7.571911018164986168e-08
3.891809512195014450e-08
7.421212823295206409e-08
5.911942510212528809e-08
5.398402164032636094e-08
5.206423351646900274e-08
8.489909455178106638e-08
4.166617002296110966e-08
7.006638130251107317e-08
6.552366077623892195e-08
5.913225992515540764e-08
4.944960529785744108e-08
9.298850987623569724e-08
4.689094009108974468e-08
6.591033823632057213e-08
7.014095554854113210e-08
6.794256626100097592e-08
4.730719744555461784e-08
9.865987999984167050e-08
5.493277465645715194e-08
6.274801528995015297e-08
7.314545794867958854e-08
8.059782258263029687e-08
4.625714923132825782e-08
1.012310033766697805e-07
6.609037656019253767e-08
6.188856600001265897e-08
7.444144563995743704e-08
9.692595717443778652e-08
4.747887400826735660e-08
1.008864089722878966e-07
7.886425662426692124e-08
6.514240401493562442e-08
7.393706851781699982e-08
1.161691647484406271e-07
5.259853978483047594e-08
9.836133701962592016e-08
9.144486919804258686e-08
7.472742402096057893e-08
7.214870093580850182e-08
1.368261462094936254e-07
6.342852140489452168e-08
9.458644550003395954e-08
1.041763459014665535e-07
9.302053490428149537e-08
6.994689253482392468e-08
1.569398718426638021e-07
8.176837876474323595e-08
9.084846499264791278e-08
1.173931331576516817e-07
1.225155099767428106e-07
6.852952742851573849e-08
1.748993079052128994e-07
1.080777212319248642e-07
8.982616725073032538e-08
1.309107798518870738e-07
1.661212789541083525e-07
7.110961738139767412e-08
1.900664343799229589e-07
1.420178804070209666e-07
9.755553941497385401e-08
1.441169368952455585e-07
2.275799893736966329e-07
8.472782325618488583e-08
2.025204372096837869e-07
1.868478326276102859e-07
1.254563286730095854e-07
1.558632708016604867e-07
3.120229202727395948e-07
1.204597300918398464e-07
2.121148026421251294e-07
2.489179519235145830e-07
1.917050978672674158e-07
1.645032367594638057e-07
4.278158283699872031e-07
1.934023231336521184e-07
2.178075136279807716e-07
3.404455966660871951e-07
3.260181200097421097e-07
1.688753511921232565e-07
5.910856145079090718e-07
3.325550090004917641e-07
2.210481468933422059e-07
4.885515942270203171e-07
5.902343786814546931e-07
1.762923455255913905e-07
8.196075276904563072e-07
6.191370015039313440e-07
2.451638051969366342e-07
7.186770216035401650e-07
1.074698215354975036e-06
1.909917719841746750e-06
2.307751447933032106e-06
1.373885836471844321e-06
3.057320788240980830e-06
1.697009561263846815e-06
3.741172884962991508e-06
2.757754544765912126e-06
5.537706277366690034e-06
4.363274081151195918e-06
9.145329172784849581e-06
6.557231216694666362e-06
1.808322271275365111e-05
1.456853375444614558e-05
4.967290687831113618e-05
7.101690079196308766e-05
4.537245010008502570e-04
3.293739717632624964e-01
4.177729612485612284e-04
5.518726454428990832e-05
4.846724823441602293e-05
1.628372717844966752e-05
1.677281774601889768e-05
9.977612161557077844e-06
8.803635843797470064e-06
3.748382928460480871e-06
5.685443836692241917e-06
2.486190193092813968e-06
3.635003119243926765e-06
3.048215234023121760e-06
2.746356488406539182e-06
1.343050816957201859e-06
2.426836146820307192e-06
1.035601374815059561e-06
1.756634120960938487e-06
1.260274839223827529e-06
6.259825763507832615e-07
7.088392573176333231e-07
3.266088688815726819e-07
3.483367295152665007e-07
8.032263690889899537e-07
2.597373852240377913e-07
3.331435413233103694e-07
4.423700011240154838e-07
3.187616385489430375e-07
1.904113846926111517e-07
5.293781527383348100e-07
2.375938246789397089e-07
1.905054567828943525e-07
2.978178737602790548e-07
2.928995698330993683e-07
1.185027291237805199e-07
3.557137523216128036e-07
2.075279230360638992e-07
1.302058187876209674e-07
2.087522159120598795e-07
2.631033929702165677e-07
9.145777646880256623e-08
2.430769890992550692e-07
1.786895283915294679e-07
1.105562724442412207e-07
1.493388600346545860e-07
2.330515313518854986e-07
8.498969917250489241e-08
1.690606064575824788e-07
1.533124001237222232e-07
1.079268193549939197e-07
1.077769829011506635e-07
2.028986642705558971e-07
8.532463965321344431e-08
1.211355518096775165e-07
1.313245408065361353e-07
1.104063978746129359e-07
7.955037516245441240e-08
1.727575906740828608e-07
8.666627636308837415e-08
9.173187367698913062e-08
1.121168953621249553e-07
1.132788629112481764e-07
6.274449611258969243e-08
1.437428243596706396e-07
8.702836788328667011e-08
7.571036273601920503e-08
9.485551249719009156e-08
1.148571010030777106e-07
5.453466798444431769e-08
1.175609313859896624e-07
8.569572704076665436e-08
6.896252002011723040e-08
7.862800964376014152e-08
1.142460166537946834e-07
5.193368235505022966e-08
9.562642373917342409e-08
8.267566549922441846e-08
6.802363981977446244e-08
6.420368886862354265e-08
1.107516970246665630e-07
5.243550910139019400e-08
7.861799671843016661e-08
7.830070381909346171e-08
7.025459384913809750e-08
5.341948777523383204e-08
1.041051245012158560e-07
5.437088738279710309e-08
6.656972329171076949e-08
7.270916027506498050e-08
7.389554401046762222e-08
4.632785104352597101e-08
9.484387552512734866e-08
5.684116494740375604e-08
5.910341365989468841e-08
6.564286942294683289e-08
7.776696692298019098e-08
4.240930377173021616e-08
8.425767551916987756e-08
5.921621760400288138e-08
5.557334579749991454e-08
5.749002541725914212e-08
8.089994433977200546e-08
4.104923114121470917e-08
7.383846097000454556e-08
6.073002998205742497e-08
5.516004925274783336e-08
5.002565470748462287e-08
8.237093935608424087e-08
4.155906831989220022e-08
6.475373574837809700e-08
6.072542630466396660e-08
5.700612801559370003e-08
4.421376258784832156e-08
8.146008198890676272e-08
4.330580258717881043e-08
5.768842786588035075e-08
5.881403915796627357e-08
6.033028563453187555e-08
4.009971402055071657e-08
7.801518227671025769e-08
4.582361847179814364e-08
5.293994051164298283e-08
5.490305131446176093e-08
6.441529588256491679e-08
3.767291574852367586e-08
7.262543200912844319e-08
4.879652546360890637e-08
5.054269819890227617e-08
4.987642942549076565e-08
6.850481645921169725e-08
3.685401830864163977e-08
6.634532205511599009e-08
5.172980798315514743e-08
5.033882819897366719e-08
4.510515373245370036e-08
7.173519225173384604e-08
3.745397154085214916e-08
6.022896757775355228e-08
5.369139742786508616e-08
5.203469057551581093e-08
4.116946260656183337e-08
7.324796805909767226e-08
3.921764781503881628e-08
5.506143037946243291e-08
5.376856336001070739e-08
5.525921766738090375e-08
3.821687455182253324e-08
7.252032462664376326e-08
4.188499054409665382e-08
5.134197813192101107e-08
5.174729410496737462e-08
5.957050767087388017e-08
3.640728961354427788e-08
6.967184773832614599e-08
4.525442585998377257e-08
4.936055237956229011e-08
4.841259318106604174e-08
6.439328277434761094e-08
3.586793474270137734e-08
6.541285418317946886e-08
4.901545158717024096e-08
4.924938081324711431e-08
4.489353644063212678e-08
6.894908094703481164e-08
3.663798403102352975e-08
6.067901611059402347e-08
5.232580952533651436e-08
5.100532300671180257e-08
4.177989317869155604e-08
7.230614177497431358e-08
3.867218480265220886e-08
5.630860578528490183e-08
5.405394079432589485e-08
5.451288333973032923e-08
3.931462676455957750e-08
7.366052865978020283e-08
4.186226312628093500e-08
5.294404428303925715e-08
5.370976666889014672e-08
5.953998855971043660e-08
3.776176176596350742e-08
7.273327255216958247e-08
4.609890858015677955e-08
5.107319678052074361e-08
5.172547185930511417e-08
6.567019177991767932e-08
3.741504564264392915e-08
6.992255812293655696e-08
5.113574249795290110e-08
5.107663480363632974e-08
4.903199463262091320e-08
7.219905606329883981e-08
3.852716621783913081e-08
6.605955447843496057e-08
5.608363930743417025e-08
5.323614841904242764e-08
4.635574076936557619e-08
7.810625192613896423e-08
4.127954258195232805e-08
6.205471877065632214e-08
5.972014398958014577e-08
5.773328386918887319e-08
4.408421945888966127e-08
8.227138767167502185e-08
4.576790598116982207e-08
5.873053243122220498e-08
6.153675423936554004e-08
6.462438323257267836e-08
4.261197247389990148e-08
8.394504227097634346e-08
5.202102535315382169e-08
5.684599562848861996e-08
6.161542949249106195e-08
7.374030411730874427e-08
4.248932134825022832e-08
8.312188566477950291e-08
5.971347554700759336e-08
5.717066972963700633e-08
6.035235058866182141e-08
8.451781015049937328e-08
4.436356130127604871e-08
8.046353140259310989e-08
6.764096561481622648e-08
6.051595086060252227e-08
5.839492755930531902e-08
9.585711350191273021e-08
4.890236331196851773e-08
7.694460760863893447e-08
7.471775639543184829e-08
6.774108415461350102e-08
5.636640823396853354e-08
1.062215492370768606e-07
5.670889212261910376e-08
7.364568167277119544e-08
8.076327170355986993e-08
7.970909360936983147e-08
5.494898198117125709e-08
1.141505625668146624e-07
6.814809673638593333e-08
7.183548284439869711e-08
8.567935891560949973e-08
9.710707761731618127e-08
5.527704712427759817e-08
1.188989168092214737e-07
8.277695908783319810e-08
7.320440445791033379e-08
8.914313865666962834e-08
1.201876984659317348e-07
5.911284089366126061e-08
1.206193729302674099e-07
9.961110434712593159e-08
8.013434171649095674e-08
9.092465195831709522e-08
1.484881606683127779e-07
6.879628115444268338e-08
1.200650147012289123e-07
1.185613294301876399e-07
9.611697607417281434e-08
9.124471227236785965e-08
1.806844897179510343e-07
8.717484055407093237e-08
1.184622325747057932e-07
1.402569343809450828e-07
1.261348095507079001e-07
9.109943105139600288e-08
2.149569261545190126e-07
1.175039483510071326e-07
1.181497573030084488e-07
1.654852644400509875e-07
1.766822207227211188e-07
9.325622527552653685e-08
2.496589282222346076e-07
1.638386066028022092e-07
1.238597364486516144e-07
1.945630635314937821e-07
2.568683240492885875e-07
1.038913767593323614e-07
2.827165060167623695e-07
2.334716634264224943e-07
1.444366351518790800e-07
2.243291553174731662e-07
3.806122732923066279e-07
1.337422302282830237e-07
3.075949505628149856e-07
3.413834876378109389e-07
1.963361643496517642e-07
2.411326085429281876e-07
5.586851003802455789e-07
1.991292061831491055e-07
3.084596817210281191e-07
5.356692051082898864e-07
1.130635371861193970e-06
7.911100571571494830e-07
1.120079186988071947e-06
7.367037869352318891e-07
1.479692475902656451e-06
8.902188829782662576e-07
1.647567170527062261e-06
1.577372930389677702e-06
2.035482002391094139e-06
1.306227876724245134e-06
2.821247383299232412e-06
1.866268763869674463e-06
3.606293966984964237e-06
4.580254193770720538e-06
5.432989134131736581e-06
4.080711665053771367e-06
9.383479634541161358e-06
7.088551873689774929e-06
1.763087426120577708e-05
2.202964008042102416e-05
4.963661453798392679e-05
7.168037659493002296e-05
4.995419390928686199e-04
7.806903058272800233e-02
3.947156060013611977e-04
6.475989372854937275e-05
4.679596206027187612e-05
1.706658808623733649e-05
1.713245233074309052e-05
7.443927254704057992e-06
8.986187692016619070e-06
3.875244069624753139e-06
5.506913579225116769e-06
2.778810437385148458e-06
3.588803669831761707e-06
2.407866951761902250e-06
2.642723441817471423e-06
1.287143036825886106e-06
2.141417146157136143e-06
1.064637712162394369e-06
1.584448355515055740e-06
1.558282303486358951e-06
1.315410030395873025e-06
6.765493178762486659e-07
1.267143616120278193e-06
5.887653770925297296e-07
9.766671203398142180e-07
9.278548192332100322e-07
4.252407062642505972e-07
4.250357919905308416e-07
1.886047820871425813e-07
2.617303664741993312e-07
4.773621944828443013e-07
1.538103037209740492e-07
2.690609364258494232e-07
3.073613704484682782e-07
1.884983954395299773e-07
1.665945682201544097e-07
3.724904043044732509e-07
1.533698604252426188e-07
1.760312276930351570e-07
2.293527684786934517e-07
1.882278608088719737e-07
1.141708971375135166e-07
2.810302675187545139e-07
1.478295027992177398e-07
1.266336251443406980e-07
1.749243674713149595e-07
1.836500465986654318e-07
8.764521055442860102e-08
2.102483888143135954e-07
1.378249617131657915e-07
1.025378165244667559e-07
1.344310775238947575e-07
1.751012029391311496e-07
7.612801385509578704e-08
1.574471480659505423e-07
1.257568263011950261e-07
9.268831777950544353e-08
1.035449338396803706e-07
1.631620077993708676e-07
7.254177682749152335e-08
1.196260422478715482e-07
1.133202092423604143e-07
9.062481901522323123e-08
8.065254181555733883e-08
1.481867194626881361e-07
7.252233922286284341e-08
9.396097987480925534e-08
1.011847978089335713e-07
9.219197748878522460e-08
6.505188176587646822e-08
1.309342860129151662e-07
7.354003924494223940e-08
7.776126422956326185e-08
8.931775956203900312e-08
9.479939349725230330e-08
5.564972298471977021e-08
1.128851312376321090e-07
7.424782100580526277e-08
6.862630342306473625e-08
7.744006678256582397e-08
9.689955033048022391e-08
5.098695840106896074e-08
9.583982959990296363e-08
7.394757831297108973e-08
6.460693624218425274e-08
6.597742899489832409e-08
9.740545058190776575e-08
4.958899654081088989e-08
8.124429285540898795e-08
7.236018494088292712e-08
6.415193725238880662e-08
5.622670788984888157e-08
9.550684841599393501e-08
5.022566453800504798e-08
6.984982900640145998e-08
6.941648480167176514e-08
6.600767034366957469e-08
4.895504891716353581e-08
9.089767997152378626e-08
5.198681715740980256e-08
6.179221859459683827e-08
6.498609989471632176e-08
6.913658287266981360e-08
4.420071617849340208e-08
8.404207943631657194e-08
5.422513928789185980e-08
5.684341568472183183e-08
5.915674999904797928e-08
7.262254448488602378e-08
4.170885419826793307e-08
7.604285111052836665e-08
5.635846598404534411e-08
5.461285610941765925e-08
5.287729340423525258e-08
7.556324343473621358e-08
4.108974439888484532e-08
6.814213682394828783e-08
5.772226418221686802e-08
5.464471238420315145e-08
4.728120490620524339e-08
7.706817716299793071e-08
4.191980799887859373e-08
6.129225069250267583e-08
5.768652480453095763e-08
5.646518826893580965e-08
4.288202446854164233e-08
7.647542301675445801e-08
4.380254991546560964e-08
5.603916286647592194e-08
5.587242376492624341e-08
5.958225657804302946e-08
3.985319015311382528e-08
7.368067504069283469e-08
4.639507061538814570e-08
5.261480193075377416e-08
5.249520162775825499e-08
6.343627763642589308e-08
3.824717625562600845e-08
6.924002977972153115e-08
4.933030559611519967e-08
5.105813573630904492e-08
4.846086051234200111e-08
6.733465296333216771e-08
3.801340899996748750e-08
6.408702543458160393e-08
5.200974785106558106e-08
5.128992876529043128e-08
4.463388093805665887e-08
7.044474628384031537e-08
3.903003231020817122e-08
5.913029253562848516e-08
5.360156235439921890e-08
5.315623108668858164e-08
4.145197176062338429e-08
7.195505881385404143e-08
4.113122267308306247e-08
5.503775768829405439e-08
5.348602041256538952e-08
5.643553079453592205e-08
3.916972192391889526e-08
7.140966456206827427e-08
4.412799134156322713e-08
5.223167879232124694e-08
5.172153382031096182e-08
6.079115612827988570e-08
3.798657717771639504e-08
6.896818872233399383e-08
4.777117737198707035e-08
5.096308351775806853e-08
4.901143225662039719e-08
6.569084503320432280e-08
3.803288720291029034e-08
6.531724055533170009e-08
5.154814538127778206e-08
5.137224090407217448e-08
4.612309558695272090e-08
7.035520088252322531e-08
3.937185916936936119e-08
6.132629711849318077e-08
5.458783746151302482e-08
5.352658708362091649e-08
4.354234166447085078e-08
7.384822892154683976e-08
4.200584556843391712e-08
5.776601824321780316e-08
5.612613024297523659e-08
5.742883996088117255e-08
4.161751089961443500e-08
7.539523534555558758e-08
4.587585859883685625e-08
5.522654103730818629e-08
5.599156183334338445e-08
6.295769767870647011e-08
4.069095693297814059e-08
7.477341489364082621e-08
5.080449883427526401e-08
5.416102709701533855e-08
5.458039783436309513e-08
6.974736809476573575e-08
4.108951185365988055e-08
7.242319609563433003e-08
5.626063624113415314e-08
5.494907190536224728e-08
5.253490190128623980e-08
7.706570342970557592e-08
4.310256317890513939e-08
6.919101576979437072e-08
6.130980137385484310e-08
5.794901231562937973e-08
5.042710988003712002e-08
8.381187082910357712e-08
4.696921722645013075e-08
6.599856932198797369e-08
6.520292542960565867e-08
6.352698574973262704e-08
4.876025122454804899e-08
8.879675282376780895e-08
5.284348506041946680e-08
6.368707568512868798e-08
6.767498674975166756e-08
7.197696562392515915e-08
4.811848373586152026e-08
9.126709125319437902e-08
6.064724604521715258e-08
6.303802565720345023e-08
6.871455215371895000e-08
8.330877256863480543e-08
4.920511875901915076e-08
9.127006753676840590e-08
6.978924029092828965e-08
6.487722852490999580e-08
6.853157491162645991e-08
9.699598243708292855e-08
5.280371624612044741e-08
8.955829186885690708e-08
7.937273027875980560e-08
7.022135988310345742e-08
6.759305538911987134e-08
1.118124329472454427e-07
5.975922477988014002e-08
8.727270358775246756e-08
8.886198982310450972e-08
8.048387073776541863e-08
6.662288107138522913e-08
1.259907056669800486e-07
7.098560197173781599e-08
8.576061009894946002e-08
9.802905621282550016e-08
9.746783771761699412e-08
6.675236273188570422e-08
1.378366196271802118e-07
8.726943473419615282e-08
8.659687801164001803e-08
1.064927883801601770e-07
1.229603770597230507e-07
6.971867049465602909e-08
1.463841619459516758e-07
1.089925833322495187e-07
9.186506548499888281e-08
1.135308536056522432e-07
1.583283865619836600e-07
7.796003560350259643e-08
1.515305435229036589e-07
1.364927418908782746e-07
1.047332320605310358e-07
1.183102622140283276e-07
2.041875222120198260e-07
9.483189474610079016e-08
1.539042764223960292e-07
1.709232116841388491e-07
1.309180180463622364e-07
1.206656459026760100e-07
2.598298070787798404e-07
1.260363603024080338e-07
1.551535210425614174e-07
2.151656789080109342e-07
1.800686804181811982e-07
1.222032042822640927e-07
3.206347868551806400e-07
1.806802767300826542e-07
1.578939665499440621e-07
2.713573875728701008e-07
2.625176536916783239e-07
1.267206905781450653e-07
3.662660526830109816e-07
3.770232658328926411e-07
7.741571509854378428e-07
4.158823605656828278e-07
7.260690823316412396e-07
8.038235777436843524e-07
8.449303555066872212e-07
5.133203153844858550e-07
1.026608685445191941e-06
6.314743325272890943e-07
1.065807053180278353e-06
9.340102463816918688e-07
1.337754288669405600e-06
9.180169112733977530e-07
1.657909243581498079e-06
1.206441201446102883e-06
2.039866449246191712e-06
1.504202126777837574e-06
2.750822861235370352e-06
2.052260408132601929e-06
3.694346848587375889e-06
3.485856670119596921e-06
5.598175889416418472e-06
4.186293227684366351e-06
9.485268912350364528e-06
7.998714059801063234e-06
1.757712392183100251e-05
2.751519345361798960e-05
5.112951527789092371e-05
7.046358967609660001e-05
5.407530516381704559e-04
3.730420123862878551e-02
3.595340546850595985e-04
9.793199539255490187e-05
4.526762210708147176e-05
1.612082987679244956e-05
1.749380481890013982e-05
7.215821800799332183e-06
8.636366975978263094e-06
5.270011022097628919e-06
5.326307801695672359e-06
2.799660928269422329e-06
3.691740391803312744e-06
1.979216145559718580e-06
2.624400283050713652e-06
1.517570721587432673e-06
2.041709584724754751e-06
1.144633207469456033e-06
1.593339509003169509e-06
1.086505779014231842e-06
1.276566986693081825e-06
7.255272238659390905e-07
1.155643557385182227e-06
6.141285528043362356e-07
9.327145815578459860e-07
8.624399384392805233e-07
7.925043359776233897e-07
4.505431966986161612e-07
8.147559027307574874e-07
3.987214430289804974e-07
6.627483970481469779e-07
7.164435086813144401e-07
3.292867789550313069e-07
2.655973280075975063e-07
1.503761001420049030e-07
2.168683544607568798e-07
3.061200585118575527e-07
1.170063858167539705e-07
2.294130855443010508e-07
2.267394732065210038e-07
1.387800157740707773e-07
1.501418744009068233e-07
2.691432689692458613e-07
1.128009514715858180e-07
1.627149750210605744e-07
1.835839398717289357e-07
1.351021584392994818e-07
1.094708173052310217e-07
2.239788843610252145e-07
1.111283119989395886e-07
1.226803697655705586e-07
1.495773542492195960e-07
1.347347966843291905e-07
8.574971516741890293e-08
1.814347311863043541e-07
1.087401809082533098e-07
9.954642919418216212e-08
1.218934750674796681e-07
1.340007022866324960e-07
7.285179693428027628e-08
1.450357300061573761e-07
1.044312660434176806e-07
8.695036642377330850e-08
9.894671574146278843e-08
1.312049511271707707e-07
6.669494658154772028e-08
1.160868806509956690e-07
9.848829868463399098e-08
8.108182028908242526e-08
8.053590792446463035e-08
1.256023166245398352e-07
6.452513864957334267e-08
9.461039143318407132e-08
9.153048156913758135e-08
7.962991304093401306e-08
6.677514926002308593e-08
1.170300805060250485e-07
6.455260136192134044e-08
7.965628566607130332e-08
8.386805284325557439e-08
8.081124408439774727e-08
5.737277868086542735e-08
1.060689277488600502e-07
