5.370319921875477132e-03 8.937519415961813710e-04 3.981281576626409524e-03 2.939434126411913373e-03 4.963222072792016978e-03 4.599991970621050003e-03 5.093193151637257854e-04 3.599546305223634362e-04 4.351624917658794556e-03 9.976766070360290270e-03 7.122393266337149684e-03 9.975529480554646763e-03 1.663123613347194940e-03 4.770578627015704259e-03 9.976766070360290270e-03 4.820730336977857577e-03 2.177160696420083093e-03 3.144085965643481865e-03 8.417133454187720673e-03 6.382887370586577333e-03 3.842524429669242833e-03 4.834846062323224988e-03 2.520317548014290414e-03 8.426151910406598847e-03 2.818175934546993198e-03 5.461156236750365402e-04 3.719388335265845589e-03 2.687660940865612769e-04 8.559089090902293698e-04 4.977526373879818944e-03 7.718061705749841399e-04 2.811115425407564742e-04 6.626707927528131467e-03 3.147267289768891207e-03 7.027248919134494037e-03 6.062116328554018399e-03 9.120742785654605000e-03 9.976766070360290270e-03 4.228893594780760296e-03 6.134686182133133533e-03 3.547428113711537621e-03 6.578078002826040840e-03 5.021388804377122095e-03 7.812517267662875964e-03 7.511344941495412542e-03 4.482624618783690243e-03 2.360684175950411839e-03 2.195459278389026540e-03 1.021624589985693603e-03 1.098336230033854916e-02 9.277971166319525301e-03 6.714961625953216537e-03 4.213119332325328259e-03 7.457283070297091379e-04 3.023780653866769540e-03 2.681004809228234188e-03 9.011146351859079459e-03 9.976766070360290270e-03 1.183626638804235760e-03 4.236504777906487801e-03 5.260352223492236259e-03 9.976546148604676506e-03 4.891087330042471343e-03 2.340306588007735281e-03 5.057441373766076442e-03 1.823898725191880300e-03 4.859808663682865792e-03 1.762107457714882225e-03 1.053378607599211696e-02 6.799649054584296776e-03 4.252121359056323935e-03 1.096388840031792397e-03 3.008385652215855247e-03 2.476937312777427349e-04 1.355721829131300259e-02 7.496618873292624011e-03 4.723439820261682645e-03 1.330519262986956273e-03 1.013466348975964118e-02 3.511770612687193619e-04 1.113915652831407033e-03 1.046399058303686645e-02 8.029798223689424072e-03 1.243878968428539528e-03 5.447489151405054963e-03 1.877787943630609751e-03 9.370278612119007288e-04 3.596550037603967256e-03 2.383787086455773155e-03 9.976766070360290270e-03 3.072994560417911629e-04 1.365767564860809321e-03 1.538244276959068336e-03 5.259333015203446291e-04 2.514993309542762605e-03 8.659364294976495610e-03 7.628816054821661169e-03 3.848997876280724900e-03 9.051618177881810834e-03 3.410526600084711618e-03
1.113657631211085021e-03 1.822662374244094711e-04 1.922120936380241826e-04 4.660745548315175591e-04 9.888187846492510144e-05 1.516460174563444123e-04 5.786103002286889334e-04 8.087140200997743663e-04 1.149346306558384021e-03 1.012548067893129537e-03 3.667148114131415647e-04 7.329004494405624642e-05 4.395158905302325321e-04 8.282508764740054543e-04 7.875732459266430530e-04 9.706415386859926827e-04 1.367951202955470418e-03 1.014246167820874499e-04 3.418076808521097873e-04 1.662427186544644816e-04 8.386672917073807699e-04 2.676177900795996133e-04 8.128059594709341213e-04 4.044602244054878716e-05 1.357329976273615065e-04 1.028859171543298470e-03 1.138035981290293186e-05 1.064526649535030680e-03 2.001596031408114408e-03 1.448249387793241018e-04 6.279384059850998991e-04 2.414531168427288047e-04 7.497241136060892779e-04 4.601706180093091810e-04 4.789242197333597466e-05 1.230303519748383737e-04 1.344667830330392570e-04 3.078740459078982243e-04 1.099010904465526871e-03 5.734643540462493324e-04 1.178694466109554044e-03 3.630495383632162030e-04 3.178484695927265443e-04 5.488736993529223221e-04 6.813328412607629709e-04 7.720395789686008980e-04 1.434839848838662373e-03 1.006857667396442039e-04 5.791657438321586162e-06 2.816228885641719297e-04 9.272467326327961780e-04 1.970339342053169820e-05 2.748425692246990828e-04 6.893413668708368771e-04 4.889346986209189597e-05 8.165003063924345414e-05 2.184232922975889437e-04 2.562449075566659222e-04 7.336042526794141541e-05 2.023003896215079468e-04 8.522274361653081869e-04 2.794193353030597748e-04 1.363753469828393738e-04 2.567968757984973082e-04 1.048240324284238113e-03 9.928564056727472078e-04 1.695132647736033124e-04 2.040555942826613814e-04 4.163431909480974028e-04 6.943005557980411798e-04 4.257672440889499711e-04 1.446728046573646405e-03 1.078745312967240759e-03 1.284388744377310465e-03 4.184803825949663875e-04 1.735007900998507572e-03 8.319359098821103122e-04 7.546584106832976554e-04 1.237604033655657963e-04 1.079176700797734563e-03 1.101853123467140885e-03 2.992861115985571713e-04 8.408462495306145068e-04 1.197144089711361849e-03 8.568215248834276437e-04 1.298631193571573661e-03 1.097133248345417283e-03 4.001742004534727167e-04 1.442311637705945065e-04 4.934636264970636472e-05 5.902021903535020157e-04 3.212922653223914305e-04 5.653542392551846830e-04 1.649939696445550975e-03 6.938778212846636196e-04 9.397748387836035461e-04 7.516162999593085123e-05 7.720893494722746325e-05 1.839715438414891264e-04 1.105582991501070618e-03
3.394169517063231147e-04 6.783106697534171167e-04 3.184761141362946451e-04 9.571438240459338460e-04 3.804103977405575289e-04 4.812915058744485154e-04 7.963275899710238514e-04 5.477127881529322178e-05 4.253645164966776368e-04 4.030928504288273169e-04 3.286573666840369155e-04 5.256985982451798560e-04 1.531573689377304206e-04 4.677621372164027214e-04 1.067631206273871340e-03 2.371442624116983870e-04 6.112984511305313970e-04 1.680475005208517062e-04 2.591354511945801701e-05 1.288954938955262750e-05 8.774745591322409631e-05 2.089041633129661956e-04 7.746803394459176391e-05 2.751442103346124322e-05 5.690949987025825706e-04 1.688897282141144725e-04 3.120030561946791057e-04 2.579441267561759449e-04 2.925420340109321647e-04 6.114860190781088367e-04 3.588286997653668546e-04 2.381683282833820870e-04 2.165385934046409422e-05 2.073332699470511510e-04 4.388368644311870290e-05 2.192925113533041558e-04 4.064904420741628186e-05 2.541503599368283598e-04 1.530304718838863939e-04 2.481948146669049832e-04 1.094071582373760173e-03 2.011923380807639533e-04 1.195140696801937248e-04 3.119683501983442600e-04 1.364566187207423608e-04 4.550935699791929683e-04 6.643070754801367293e-04 1.550032124546107547e-04 4.826905600159318768e-04 3.803553356975942611e-04 6.006636469880382093e-04 3.816370355728739027e-04 5.888610511629803045e-04 5.149927526441140570e-05 8.435458089400184475e-05 6.120405456751609285e-05 6.690208677450354283e-04 2.953881214753160240e-04 4.094967970150704484e-04 5.962993891851423424e-04 3.532151726578471924e-05 1.442755447135387709e-05 1.081198716302976363e-03 5.282679390760364581e-04 6.384671495666970108e-04 5.653050636226748734e-05 3.795271635791569475e-04 8.301634463422289919e-05 2.704562219763124130e-04 1.424640132889850078e-04 3.521021178331058463e-05 1.144813599796257696e-04 5.276775909997204585e-04 8.781590625253990218e-05 5.904662099846970510e-04 4.902334466247947314e-04 4.439347435291623339e-04 4.906368033745726193e-04 4.376459766055976490e-05 3.893041974775580537e-04 7.792921303379075730e-04 1.007995588146904688e-03 2.011717660443083520e-04 2.424070980215013824e-04 1.934407653392286152e-04 4.477292128939474344e-04 6.014818152226369648e-04 4.598040929981450642e-04 6.499646758409017427e-04 3.107490855956263195e-04 2.083474769128679780e-04 6.457789849759022283e-04 1.403614717344349146e-04 5.385181664758024187e-04 1.274083245915559690e-04 3.909492916877634343e-04 3.188681107418927987e-04 1.165020793006010151e-04 1.483319006586311716e-04 3.938784322232291980e-05
9.677375253511425065e-05 2.551407834616557400e-04 3.240188138920046547e-04 1.216363248333690778e-04 1.081223562874393767e-05 4.413499324765395113e-04 2.055054857633854674e-04 3.228023599489710237e-05 3.450248965314320826e-04 6.392802127591919832e-04 3.941442421708062213e-04 2.201346153194174110e-04 5.092787111314956480e-04 1.390921873057980715e-04 4.186525172308194699e-04 9.670326385873142605e-05 5.005732616211779344e-06 1.361659848117177381e-04 1.971625857552677431e-04 6.426807940398342840e-04 3.514371068002579987e-04 1.055904131157457378e-04 7.925767823093136791e-05 4.157239876089996575e-05 4.012154142923856487e-06 4.093962585423629964e-04 2.011080649761945633e-04 3.314085604511260962e-04 2.759790791660406747e-04 4.290448779426075639e-04 1.560585914802522438e-04 1.835415844937100203e-05 3.754047312165850834e-04 1.536454441622192894e-04 2.229810590650121570e-05 1.814729162879550565e-04 8.549104237452994953e-07 6.071174677764919474e-05 5.913158755174954427e-04 3.070322310539051725e-04 7.322229491782111105e-04 4.065769037288251915e-04 2.097039779379197930e-04 1.838844375218725896e-04 5.677961300274334509e-04 3.012204679813817749e-04 2.507751236553279581e-04 1.792570886790106086e-04 1.315079446734377007e-04 3.882538105761423647e-04 8.383444281319967959e-05 1.248551637506127836e-04 4.551452688005913844e-04 4.845807214569554551e-04 1.754258042157363315e-05 6.693090778101960965e-05 4.073260210361087912e-04 2.257256789920444721e-04 5.487402969036896843e-05 4.309555399684603084e-05 7.456595027130114343e-05 9.446307716573527490e-05 1.787236254697991257e-04 3.999834277300256017e-05 1.886074479304750519e-04 1.833128447834872054e-04 9.492793732125992285e-05 4.113812098635920506e-04 1.769107912636974661e-05 2.181449692851160143e-04 1.394149548445794927e-04 2.321107795328911441e-04 4.541431656523167389e-04 5.208624076600326040e-05 3.530815961028714806e-04 4.606862999404153327e-05 1.089853834520531782e-06 4.445674980781348759e-04 1.000091308782523927e-04 3.152229812993042235e-04 4.776248868037283844e-04 5.110887430475241546e-05 5.078740885987462694e-05 2.352430425309225202e-04 5.457142691525509277e-04 2.615712150632653260e-05 5.488906899371432898e-05 6.548946243827965456e-05 1.365146921036239109e-04 4.035910148569904401e-04 2.637044198601463463e-04 5.512204295080306475e-04 5.474792320843904097e-05 1.051432975799205909e-04 3.331410955019776512e-04 3.370887919303044641e-04 9.355811447963863334e-06 2.818771065671883539e-05 4.671056708849823547e-05 5.721635476448821240e-04
3.610403867478073625e-04 6.234998636502518069e-04 4.687856341927248028e-04 3.705416651776619226e-04 2.974023966481782202e-04 5.539559609629820039e-04 3.897140397558003120e-04 4.814896864793495861e-04 5.032750475433196181e-04 3.494056387816359913e-04 3.044952917777734420e-04 4.999359696193349809e-04 2.947708231397753878e-04 3.300047243303373613e-04 4.845106318752206119e-04 3.574706430617889631e-04 4.323693704101686766e-04 2.821238692705735547e-04 2.725240534840984519e-04 3.449063356997585940e-04 4.766622003681800397e-04 3.617256871826949401e-04 3.647128582255327418e-04 2.619278898048704794e-04 4.548409243504469087e-04 3.527387439019339320e-04 4.836424903340964072e-04 4.721324990401859099e-04 1.556716988441155186e-04 4.094122538863154571e-04 5.338843563735187888e-04 3.506322330148169955e-04 4.760560403117277892e-04 5.131135694263511690e-04 4.589891301806777401e-04 4.165162922027634720e-04 6.600471509954099463e-04 2.379125891591397229e-04 3.255785645176938539e-04 2.140523791409911208e-04 3.619292220091918839e-04 5.012794787104393269e-04 2.275834684738606219e-04 4.256116934934893068e-04 3.178086604586125952e-04 2.750190383869798375e-04 3.555431682069691806e-04 2.608226718555192616e-04 3.859102936217836217e-04 5.171604722572964354e-04 3.145637886790740513e-04 5.170649614350366404e-04 3.699099432372144616e-05 4.318249660210325127e-04 4.307865124695664082e-04 2.482099391836729385e-04 5.138143893967856736e-04 3.927208658601974997e-04 4.909979346399787623e-04 4.005205784227764397e-04 1.728832283639101164e-04 4.546229358284243683e-04 5.294215713255489078e-04 3.707432622108741997e-04 4.268202734345988660e-04 4.473014636074043571e-04 2.157441060934492383e-04 3.261002210097528283e-04 5.636393317424170674e-04 2.883667806377864786e-04 4.377091490360571430e-04 4.352485025288939358e-04 4.981032657893935981e-04 4.367078290676315957e-04 3.809110466936388092e-04 3.135216210179900525e-04 2.688511860637386535e-04 3.267085628576662268e-04 4.555462561632909698e-04 3.062404134614955050e-04 4.029903611250157847e-04 3.399414079881415518e-04 2.961936202404948570e-04 4.098643294236134060e-04 4.192930497553433986e-04 3.614358532462945937e-04 4.535607937905261904e-04 3.541813285551635064e-04 3.916142744096036367e-04 2.025988015983089306e-04 3.799337021661557275e-04 4.416487785399617711e-04 4.443204933036728143e-04 2.843760807957035992e-04 3.212950753828820987e-04 3.887429611256486045e-04 2.577480422771953887e-04 4.754929592763443335e-04 4.568326641604871928e-04 5.685728337244871705e-04
7.884038792948304354e-04 8.795672650333251916e-04 9.277480685293730892e-04 7.756276181400003191e-04 8.065496392974725367e-04 8.469609608851660400e-04 8.220777817737076696e-04 8.913083144240162813e-04 9.182371308047941041e-04 8.507213820160389487e-04 8.069934651070251493e-04 8.117754471238876508e-04 7.239745792968254115e-04 8.233662944291425968e-04 8.046273921792276027e-04 9.385998988053141688e-04 8.811405038086032177e-04 8.143640420384811330e-04 8.197133390931935371e-04 8.497548851483850176e-04 7.791519633329657604e-04 7.622493740933569857e-04 8.699740211500981953e-04 8.137916086162740384e-04 7.504634346817760752e-04 8.425662441982798663e-04 8.434829791433449617e-04 7.050925283033355855e-04 8.351752950937652454e-04 8.231230856577276961e-04 8.342091765770774311e-04 8.699146602184100593e-04 8.835250482437852909e-04 7.858686754723105770e-04 8.152097556757574364e-04 8.069873353156690066e-04 8.502143233088340930e-04 8.360258679284873328e-04 7.776340988877583627e-04 7.770742399795258284e-04 7.602020775808094764e-04 7.774548335087292815e-04 8.476958045977996082e-04 8.321538808103342557e-04 8.762241318848969836e-04 8.022000155030200750e-04 7.255560076452682383e-04 8.850232070006030464e-04 8.027504443207350137e-04 7.196028491296724587e-04 8.042408651064190213e-04 8.640188780744633259e-04 8.183750738012117616e-04 8.493312263106462656e-04 7.887229027757966656e-04 9.734779619712757934e-04 7.946489657300651564e-04 8.487065148692550477e-04 9.032081009763936585e-04 8.654728076898510333e-04 8.189325614609764244e-04 8.790433575021078120e-04 8.193773895118212740e-04 8.664495772883117021e-04 7.052619533073676119e-04 8.540014449028865157e-04 8.605827612881198187e-04 7.752535550679680960e-04 7.296462950519609723e-04 8.137768807552328478e-04 8.379661151388448489e-04 7.541267887035080306e-04 8.224999223967705908e-04 7.910710871967105342e-04 8.860073155235398748e-04 7.491652392841241861e-04 7.371581013716975135e-04 7.519075823832644528e-04 7.825323541519714834e-04 9.095170053915215252e-04 8.741346182627426952e-04 8.852693170465705808e-04 7.871376110149781247e-04 7.373829635875365530e-04 8.651386868346374465e-04 8.701332428636797270e-04 8.162812291286393202e-04 7.899559150423162866e-04 7.746913031068381177e-04 7.952476520744056589e-04 8.692955667156716413e-04 7.730627159648413745e-04 7.799205316842758437e-04 8.613058291391799837e-04 8.972238035366685710e-04 8.035008757487993938e-04 7.744561425374624913e-04 8.534223253294290342e-04 7.726438059220423673e-04 8.202708086890280739e-04
1.629516532356898055e-03 1.688601452502427099e-03 1.633252076994856855e-03 1.644924229250639171e-03 1.666753129064435989e-03 1.721689436391649151e-03 1.591861760141479029e-03 1.612110008342822458e-03 1.655372535881255392e-03 1.652520080697879789e-03 1.631311259773396243e-03 1.613145249464941833e-03 1.692876368721632496e-03 1.562582838064978602e-03 1.640709897564837302e-03 1.613746401324939314e-03 1.661328924368481608e-03 1.583539619329277660e-03 1.612290849938083619e-03 1.686474822158479190e-03 1.643794455021412330e-03 1.624377998893282524e-03 1.625300518894576924e-03 1.594160073131429579e-03 1.606235473794981024e-03 1.589984667619663561e-03 1.628008409813382030e-03 1.654555302574723134e-03 1.708964292663690907e-03 1.614130444518283589e-03 1.631162489179539560e-03 1.547725949756355605e-03 1.657458965150121174e-03 1.647194811768777677e-03 1.602737084406557827e-03 1.690435371748174893e-03 1.584145185969108730e-03 1.635045200204615808e-03 1.557045047830496465e-03 1.583644401086579468e-03 1.642864367126904788e-03 1.682304003792069657e-03 1.662385069724413690e-03 1.677437377228940081e-03 1.620961504036244789e-03 1.690130115732286576e-03 1.679118048941733539e-03 1.642007748278097269e-03 1.647973900233662848e-03 1.598797594364727900e-03 1.691094547410813701e-03 1.656424368690174185e-03 1.643514731715467513e-03 1.667510797208837225e-03 1.653426176350249665e-03 1.672620158201258179e-03 1.689831109509284815e-03 1.569840091519846470e-03 1.606768888413314875e-03 1.585147990724189177e-03 1.707774523679196372e-03 1.649169914768792641e-03 1.606150752147618476e-03 1.629330000660877400e-03 1.636619064308924903e-03 1.666957838099242294e-03 1.619518270487192019e-03 1.607495399228468661e-03 1.781702061483817195e-03 1.558945545419825789e-03 1.689547930038358186e-03 1.598130268521988405e-03 1.580440318541289279e-03 1.671471444985403671e-03 1.688228905345973271e-03 1.590807834447248567e-03 1.615421734010247246e-03 1.692514929128267377e-03 1.653683154384988276e-03 1.640213940777472158e-03 1.601223628473949024e-03 1.699990296173584971e-03 1.650696205514988382e-03 1.629502444776979040e-03 1.585473127173575711e-03 1.650632272250693528e-03 1.634793718547271216e-03 1.629943615247187848e-03 1.592304102922307511e-03 1.630627034602632553e-03 1.678167132852248023e-03 1.527160048696575264e-03 1.725020527701901342e-03 1.633342506148702461e-03 1.719039875274539593e-03 1.608414128358225592e-03 1.596753581269618827e-03 1.652732925903459445e-03 1.685107611290605299e-03 1.677148952951919465e-03
3.107666186112591732e-03 3.076930775794943333e-03 3.145579922998101904e-03 3.129477367845650074e-03 3.093480584844293235e-03 3.054886926471293493e-03 3.070877723618179768e-03 3.087407801309442756e-03 3.118944464262757375e-03 3.039882906348561134e-03 3.102819216339418318e-03 3.078841410620249304e-03 3.041587361531007498e-03 3.170217795067579395e-03 3.062986897092176766e-03 3.066427784266286503e-03 3.072125951386357485e-03 3.102834119643928072e-03 3.127499309367678774e-03 3.058092088311749508e-03 3.109205485027613861e-03 3.058743360446346433e-03 3.082692096758196665e-03 3.101625238328508186e-03 3.065871658334574749e-03 3.073155400814572228e-03 3.110237930535393602e-03 3.056781854433536678e-03 3.089001995328070471e-03 3.102618315609065487e-03 3.050517543599421538e-03 3.137427746396995783e-03 3.106230875441454327e-03 3.045114141509170508e-03 3.054331709054870780e-03 3.041753991862230708e-03 3.112393522668588722e-03 3.085216761022919595e-03 3.109660271324649582e-03 3.080145936888504556e-03 3.064204349756663795e-03 3.055142896437492653e-03 3.155360078260606178e-03 3.044243254947305317e-03 3.063209720440629360e-03 3.090310770640845167e-03 3.064000870829242367e-03 3.139247529480361856e-03 3.071763042116880654e-03 3.169103381569260934e-03 3.042862511418361997e-03 3.030184255865182343e-03 3.079770278249427742e-03 3.068725384250104837e-03 3.111303908392531493e-03 3.127785167974006346e-03 3.123751037536749015e-03 3.099509260515130593e-03 3.110131052933138695e-03 3.171872341246827730e-03 3.117736917037181293e-03 3.038209186460000700e-03 3.088168657497512241e-03 3.097556928518982195e-03 3.085487352323056619e-03 3.114553911178329776e-03 3.113531208947542105e-03 3.065894677416229012e-03 3.030570173260215428e-03 3.023757351638200509e-03 3.076455423891798040e-03 3.160922144239963760e-03 3.111883548820842688e-03 3.049292449177191423e-03 3.086181943564455209e-03 3.075606038453427334e-03 3.064897329117402622e-03 3.080155611005190672e-03 3.058098624259682555e-03 3.189187758002949916e-03 3.126079098657672667e-03 3.103501488524787726e-03 3.108839169631554857e-03 3.128409441810037304e-03 3.077860370997498752e-03 3.143073307735166043e-03 3.080450663450876904e-03 3.133043587179183600e-03 3.081214613549230173e-03 3.102870969237926657e-03 3.112837441168885520e-03 3.043281060875088068e-03 3.090744439973160639e-03 3.073514947306053326e-03 3.067358398098878579e-03 3.084162581635029737e-03 3.025838735196678154e-03 3.055173286114654975e-03 3.062761096221612057e-03 3.110844521179808708e-03
4.773224030787849223e-03 4.861536035165571479e-03 4.822147301656030602e-03 4.989836851401169282e-03 4.877194733318584302e-03 4.903281383843374405e-03 4.884637454750508784e-03 4.921667878999150605e-03 4.829053879500640536e-03 4.941425432730701256e-03 4.927424639783841917e-03 4.880443695696663406e-03 4.849917622411522092e-03 5.108833790099201466e-03 4.861215527515602708e-03 4.891224873793282094e-03 5.007373496215635281e-03 4.788303394564234414e-03 4.886952642992808266e-03 4.852227005186282582e-03 4.871814724967060695e-03 4.796376594493098611e-03 4.828918027256963799e-03 4.948041055589436077e-03 4.938133866201073474e-03 4.939074263659613134e-03 4.885103928076436897e-03 4.834283742066796882e-03 4.929505857285611248e-03 4.905016506940250084e-03 4.874867004505513760e-03 4.911605828512334571e-03 4.888486612426284211e-03 4.798767755313891950e-03 5.007163284874695253e-03 4.867326962611067190e-03 4.932594972944653877e-03 4.864481848109251591e-03 4.921450678621973676e-03 4.914547935407466775e-03 4.870125363602378563e-03 4.871458176067948800e-03 4.894875780491272227e-03 4.932413197002005062e-03 4.850043953765113824e-03 4.884304550809496007e-03 4.952412696045774623e-03 4.889897303589029603e-03 4.931837979802386474e-03 4.907623144213443117e-03 4.815343227799974771e-03 4.797906256093834726e-03 4.917023954038871741e-03 4.987365376783951809e-03 4.909606816691064121e-03 4.835085599242967130e-03 4.966083291611491507e-03 4.914475825598493830e-03 4.890688627223322565e-03 4.895925384403709141e-03 4.886311975367627763e-03 4.840098709949770123e-03 4.878385086670777165e-03 4.786266994277449394e-03 4.885318964598338309e-03 4.861443967691829460e-03 4.936970512930460853e-03 4.963925976627691153e-03 4.827496363677455035e-03 4.877833193317583985e-03 4.958107208738203597e-03 4.845613918956980307e-03 4.756826759710021044e-03 4.860097610996620340e-03 4.974686747616308136e-03 4.859250478558195530e-03 4.813338708853370437e-03 4.940666329724258121e-03 4.785888333291736518e-03 4.901979244432318888e-03 4.854143990743367554e-03 4.969124303231339454e-03 4.832915611929411784e-03 4.798649535344734138e-03 4.979195023827095307e-03 4.937911957027344215e-03 4.763677284505231022e-03 4.903167684238854754e-03 4.871749875452710196e-03 4.916670645027586620e-03 4.854559636950859722e-03 4.867629890567874706e-03 4.793166970886390127e-03 4.949903861496773513e-03 4.905224693443024919e-03 4.943824560656753103e-03 5.048381035356585070e-03 4.823222380979716797e-03 4.892259506772123762e-03 4.931902319395472037e-03
3.669576488401458513e-03 3.680678582292129606e-03 3.638369536280574874e-03 3.538838991590690080e-03 3.566790538285384820e-03 3.564800896725117251e-03 3.560710966722864870e-03 3.684776934485047353e-03 3.589578910465218362e-03 3.517837519447269707e-03 3.570208927860960002e-03 3.635573867648042405e-03 3.540667382750229894e-03 3.676316594342800888e-03 3.619367875233060576e-03 3.643929111394341846e-03 3.551594769043642935e-03 3.543254376105864356e-03 3.516472132422443757e-03 3.595456441323992888e-03 3.523234008206315923e-03 3.556921364828800197e-03 3.526306810364286844e-03 3.656469906614221062e-03 3.639235626214236928e-03 3.638390899861282737e-03 3.668415500629756791e-03 3.623065982247634324e-03 3.694431366434028710e-03 3.473080318332222912e-03 3.607455699112610114e-03 3.619714454068346729e-03 3.588977380452949232e-03 3.560769168316083380e-03 3.619261681414403988e-03 3.606752713199119515e-03 3.676620781224648575e-03 3.652924021003212725e-03 3.639058376472542947e-03 3.493133669953017370e-03 3.581421148093605518e-03 3.645271461279593790e-03 3.569052083032708822e-03 3.620322689320218564e-03 3.561893742196625343e-03 3.673504935768560908e-03 3.584521573377189279e-03 3.508431858279959480e-03 3.548371833970115873e-03 3.631152507360834673e-03 3.648149519447034268e-03 3.584159369589300526e-03 3.533944807811984206e-03 3.580899861211366345e-03 3.568525881693180614e-03 3.615029077176036901e-03 3.533780230357873656e-03 3.555847170425919471e-03 3.615662193586264162e-03 3.637734660712005179e-03 3.561594010035320623e-03 3.515441723715745544e-03 3.620218061438534082e-03 3.626315126348035513e-03 3.553594202600336011e-03 3.583259692439683380e-03 3.565719210163137073e-03 3.639394030184514399e-03 3.617939663147027880e-03 3.587306831681348531e-03 3.560115271232386792e-03 3.567598263884172709e-03 3.683317604782106527e-03 3.581514893767583432e-03 3.642735763846144999e-03 3.620643343460289935e-03 3.502717833853368542e-03 3.620628813781145636e-03 3.683337093489016511e-03 3.568863185507998095e-03 3.699861249733366400e-03 3.598259530321067795e-03 3.596347198205234515e-03 3.586595532027748393e-03 3.621903234537695356e-03 3.561793727998855807e-03 3.526206436225295948e-03 3.510703976706153022e-03 3.529004298691853451e-03 3.586349147027340350e-03 3.594977995673985169e-03 3.605387594774023697e-03 3.674441262928260839e-03 3.573601252213879590e-03 3.557346555045270888e-03 3.659741826350674295e-03 3.493697310836458604e-03 3.576300818900597644e-03 3.578051025834544201e-03 3.664408070890987600e-03
9.316214749382962547e-04 9.421105075445317025e-04 9.290530617572031894e-04 9.552012125210913602e-04 9.239735266438416257e-04 9.217349173475545892e-04 9.340296462361821457e-04 9.298345454839578505e-04 9.264876998854086696e-04 9.526144370573628051e-04 9.183825900095455913e-04 9.291842425305386205e-04 9.392400771186083059e-04 9.257325712495512084e-04 9.191919987056151441e-04 9.366202848818808765e-04 9.390482392107327636e-04 9.352320196828675658e-04 9.265463847442141241e-04 9.485278482525487213e-04 9.526980296747245697e-04 9.202400890526823410e-04 9.298491008451964046e-04 9.275283089660886623e-04 9.262778889122898944e-04 9.221407067770737197e-04 9.331904576716584668e-04 9.298717348849652471e-04 9.501323870443327980e-04 9.400303476573652547e-04 9.352131025790702979e-04 9.350531784295494902e-04 9.501319549106426385e-04 9.201100576805812566e-04 9.487182424305612817e-04 9.456283768371064481e-04 9.194593660696564336e-04 9.462435205127076292e-04 9.309577610026758578e-04 9.309172544909198382e-04 9.266798563113092099e-04 9.360792014401257905e-04 9.372393267903610234e-04 9.374789651164533878e-04 9.427993545848932641e-04 9.395647521670566580e-04 9.424756193305324067e-04 9.416860020281940828e-04 9.388027033054963891e-04 9.217727556612599757e-04 9.197657087846946872e-04 9.350676956345579157e-04 9.351396903946630756e-04 9.218466135933499946e-04 9.429780374582021453e-04 9.447552933955881286e-04 9.383986287076605953e-04 9.466233300959623438e-04 9.369445359370068976e-04 9.192795795347034893e-04 9.550217722839283389e-04 9.302343538259785511e-04 9.409222738241479955e-04 9.365479812904101793e-04 9.485552435708112127e-04 9.508347271441821170e-04 9.342851800544778144e-04 9.388125757721344205e-04 9.368829677781737812e-04 9.336977930213776660e-04 9.438189521348722697e-04 9.266082137633241964e-04 9.374456056451623519e-04 9.438637465736959570e-04 9.177893455042206291e-04 9.392152191015603257e-04 9.409553778122014926e-04 9.203235612388413348e-04 9.431624660709996043e-04 9.428825398622461915e-04 9.347181226682280781e-04 9.335015302546725196e-04 9.542048606261874493e-04 9.219567916019520996e-04 9.537885996143008211e-04 9.513481728997332399e-04 9.332712670957897701e-04 9.344666553429787845e-04 9.256143163406135941e-04 9.449745128399251581e-04 9.236549871502749238e-04 9.284825857762903263e-04 9.458359631257280556e-04 9.256813883602425406e-04 9.446826637264345641e-04 9.438077255787668401e-04 9.360185663247224102e-04 9.242928324568879883e-04 9.286099784656580512e-04 9.567300270730569409e-04
