8.993085746175804793e-03 4.327668089301198173e-03 1.601208046564522001e-03 1.276054050598813704e-04 9.943141494977438336e-03 1.346875055206321918e-03 4.577138808860134814e-03 1.000630028327254874e-02 9.963464556275627992e-03 9.976766070360290270e-03 6.594117635213433103e-04 2.912927623231839451e-03 5.860981556355398733e-03 9.976766070360290270e-03 7.402169046327990165e-03 1.303329868372656974e-03 4.716684739841396981e-03 2.988951077630705357e-03 6.132476283348380769e-03 4.880283862845870291e-03 1.817498565442216343e-03 1.228276605904615390e-02 4.137843913729113629e-03 6.282537119306425347e-03 6.979527571164181182e-03 2.303035831443013114e-03 3.134573704627061867e-03 9.976766070360290270e-03 7.736943187838551603e-03 1.982542565195127577e-03 7.054829354298512061e-04 6.765477943754408599e-03 9.921400394204351811e-03 7.879334938822847578e-03 7.156742884651798222e-04 9.976766070360290270e-03 5.976972428259281003e-03 9.383493540007427358e-03 3.946706308376212932e-03 3.651803711714418210e-03 2.371525967922320289e-04 9.972597028996969468e-03 6.883530541500568894e-03 9.341586885806534707e-03 1.032976243475023162e-02 2.417556391900103040e-03 4.088173205595816914e-03 6.176989817802853999e-03 5.238177798839321192e-03 9.976766070360290270e-03 1.490857395341621582e-03 4.716900236993354275e-05 6.092094795881318470e-03 9.976766070360290270e-03 4.095206796746802755e-03 9.976651231590114716e-03 7.770483131377148647e-03 4.188051402944557855e-03 4.743357246959248319e-03 8.533468739558247541e-04 4.187542462965146081e-03 9.976766070360290270e-03 8.487816289120534612e-04 4.133271950980720380e-03 3.425304593842702118e-03 1.556750301369772644e-03 8.696975937883204657e-05 9.952865571897232672e-03 9.976766070360290270e-03 9.976766070360290270e-03 6.798123127370754235e-03 3.871708854043040028e-03 1.051191753631681948e-03 1.039305152282788205e-02 1.109538508015487290e-03 9.976766070360290270e-03 3.040171869035378747e-03 8.734610722510133610e-03 5.535167578237588579e-03 7.233333484004794353e-03 8.052603550837656929e-03 7.257559509350454624e-04 3.538167611864317073e-03 3.250643485604657722e-03 2.781126583945660899e-04 9.976766070360290270e-03 9.870910684360363618e-03 1.508096872401112941e-03 3.680132280952493496e-03 5.259560363032657684e-03 9.976766070360290270e-03 9.077546182466935147e-04 9.976766070360290270e-03 3.133301335252392482e-03 8.807863404762059784e-03 1.056478211999410422e-04 4.667008699969334498e-03 8.527085366379421813e-03 1.547879261115917785e-03 5.685624312387871013e-03
1.531455861050472927e-04 1.678355029092188212e-04 5.381681116527431506e-04 7.691831977659905391e-04 1.957482713032016486e-04 1.088544362676788278e-04 3.325518737993385441e-04 8.831255336821691075e-04 2.634799906873887352e-04 6.151552735359213861e-04 4.455647498250703796e-04 2.112080246145458357e-04 1.005291825250796174e-04 4.698410638759204254e-04 8.995273992466136428e-04 5.324382889046931243e-04 7.038454628743543318e-04 3.084220843691529764e-04 6.325372897391576255e-05 1.181356856737823124e-04 5.317137546153472970e-05 1.240236425425230419e-05 4.827335217805390241e-04 6.115712540772050114e-05 6.641009671307363232e-04 9.037743510487677295e-04 5.822888386591789202e-04 1.493361605484267883e-05 1.447878724160435221e-04 6.019112065999244825e-05 4.273142252518035192e-05 2.135038868252941676e-04 2.127788389175561655e-04 2.669329972543211128e-04 9.125900223333068234e-05 6.853387282647156395e-04 1.525572501962404310e-04 7.126916052966130680e-04 2.292213470040466920e-04 4.211873355416655292e-04 5.004211036960167511e-04 2.225370199810711061e-05 4.086869716140737125e-04 1.394369520943736958e-05 5.646900862848131593e-06 2.928015155459048804e-04 1.294414217964742634e-06 4.201377154030438857e-04 2.197346032269991345e-04 4.886866816180366474e-04 2.634790192177304913e-04 3.650249214133985225e-04 5.161911718343870157e-05 1.365499718336651608e-04 5.052527482964197622e-05 2.460610982746859162e-04 1.621198740839218441e-03 1.219417175917113434e-05 6.755393895616130682e-04 3.000761193921903393e-04 8.861537517316418712e-05 3.353512104683730984e-04 4.328792800469307409e-04 8.371198110261806409e-05 4.595769302720880464e-04 6.200468202623388115e-04 6.902897157277000791e-05 1.207673228359237833e-04 1.343431506976590611e-04 8.171645714475275876e-05 3.312839464528663622e-04 8.364198219348026927e-05 7.081696285860337309e-04 3.339123510018652792e-04 3.350258971952880865e-04 1.627909032815950073e-04 5.004291394246397368e-04 1.817342500959521318e-04 3.453628212743451256e-04 7.731860826310119029e-05 1.013881904925638660e-03 1.025956310664305005e-03 1.049856918359155268e-04 4.071657165259396239e-04 1.226146777935608625e-06 5.718263325612746984e-05 7.338786598793214152e-05 8.517382572766093009e-04 4.437431534772562098e-04 4.237889103035338617e-04 3.275712405479418339e-04 7.383297525327140386e-05 4.402142397149154764e-04 5.089721471184862353e-04 4.744812325595988700e-04 3.697038862072637218e-05 2.341579352765925295e-04 2.770470429092180002e-04 2.879987633232206339e-04 3.581659617850104768e-05
9.630830499002848537e-05 7.821161160522366047e-05 1.540383612665796175e-04 1.339665529798913807e-04 3.873968893823664212e-05 7.654540184517107066e-06 1.002051358740154558e-04 2.681882075319295833e-05 4.825934903254692381e-05 1.834248725567971718e-04 1.022311285770855470e-04 1.177405396706975829e-04 1.033158786360341918e-04 7.610147722699160276e-05 1.070779797621505114e-05 1.321059590317680992e-04 8.058290793052116615e-05 7.042583543986029445e-05 7.433164277037815945e-05 1.002775927103575083e-05 7.269866520502738774e-06 1.506499354088604639e-04 1.162541432149168834e-04 9.770850334986903537e-05 3.968477170913811518e-05 1.473341006454248784e-04 1.540543339532042413e-05 1.023722962152379004e-04 1.855738006239251959e-06 1.096336080822360660e-04 1.824048945701166563e-05 1.377726844011984829e-04 9.844346990695367289e-05 4.876957318819414027e-05 1.313106137710027058e-04 2.471629584975306836e-04 6.130137417031445747e-06 1.524637497100700466e-04 3.086191775640256650e-05 2.953751934065621248e-07 3.650613833515048304e-05 1.488185850985246405e-05 8.712154536479291170e-05 9.731291720932997748e-05 1.302016553318780467e-04 8.663853729991329434e-05 8.346236552586881784e-05 8.145316377764230751e-05 1.870988886195656568e-05 1.102589691954929184e-04 1.451897171378719762e-04 2.966827020481045224e-05 2.430880270027570734e-04 1.986858394985620150e-04 1.413725782290705421e-04 1.302623102801967663e-04 1.138861027863690838e-04 3.181634418873070016e-05 2.374971253984239510e-05 1.774336518663932822e-04 8.607027824358876738e-05 4.485674304355372055e-05 4.949553309790944398e-05 5.487780243154805743e-05 1.393072379654762354e-04 6.900899951950218629e-05 1.578604487342082351e-05 5.825010703303731293e-06 1.354825649015415072e-04 1.090934252382074604e-04 1.578811182906294228e-04 6.172481691823014519e-05 3.604775246903208657e-05 3.025056173098908586e-05 7.690105646748241093e-05 1.309003857355971743e-04 1.162189324267212469e-04 6.019352030285871091e-05 1.794410025809479255e-04 3.887560496232744865e-05 6.871754171541205657e-06 8.131172818411018630e-05 1.374941819899572552e-05 1.467930371085021050e-04 6.060716767846480635e-05 7.049576921136533421e-05 1.003943258735182076e-06 7.568414648973444841e-05 5.784763493551563310e-05 7.694952176842161161e-05 7.979616917327623100e-06 1.392194056571128234e-04 2.976030853294814871e-05 6.615670985226802521e-06 2.128602379541149540e-05 3.286056489821296487e-06 1.052318442345057315e-04 7.078780689845606323e-05 8.683418238466894762e-06 3.769547926246416444e-05
6.406887876470912285e-06 5.032889949101201872e-05 3.262417129270796853e-05 3.989799254185273072e-05 6.574998845056902495e-06 5.221013633353250639e-05 3.138183005195371487e-05 5.416836154864691072e-05 2.392441651140359709e-05 1.528337365754454447e-05 4.423928013879708241e-05 5.509088534516628209e-05 4.913249452481701425e-05 1.200770495853554571e-05 4.781899862793804166e-06 2.605544766707542048e-05 2.071909085904857263e-05 3.767310182943762629e-05 2.938544294854659656e-05 6.946928857303827647e-07 4.407322525372114874e-05 4.778693408314359654e-06 1.574151151616477653e-05 2.003745347163217742e-05 6.557877878889603065e-05 7.529606486943215128e-05 3.365740281320734326e-05 4.442280869912477179e-05 2.281134444140361055e-06 5.831072228197498871e-06 1.337042447714901648e-05 3.301856470373112462e-06 6.652438463264378457e-05 2.197742864332814447e-05 1.358658789397858361e-05 1.339829791164798343e-07 5.669618989651638600e-07 1.012370927168772258e-05 2.832979417646727785e-05 5.165623661366763213e-05 8.931130337927201400e-06 3.220683194484228400e-05 3.577506099169577272e-05 3.292310357981700171e-06 1.468014753050890216e-05 3.142542844985245145e-05 1.096564609699949720e-05 3.263598983944421695e-05 3.187588529404747730e-05 1.829571241469843493e-05 3.580857015836304768e-05 9.792008990663347303e-06 5.319693671683449379e-05 3.096171585600114210e-06 5.260293180260798237e-05 3.985981401740560455e-05 5.300497683299931816e-05 1.045111448813647884e-05 2.316408615644157694e-05 4.600652850290588749e-05 1.232033502633170680e-06 2.537626661613559098e-05 2.833754404058227145e-05 1.174810661082109284e-05 4.798791699468692986e-05 2.098228237141621711e-05 9.405342455241040090e-06 2.615371637627484790e-05 2.445723392865176523e-05 3.074284394349454747e-06 7.093486983897659935e-08 1.182553642526020513e-05 5.912655077422146037e-05 2.816570693281185197e-05 3.222534463791299272e-06 4.297040327095371639e-07 3.855470465859760980e-06 1.432940289207941726e-07 6.009989105600222609e-06 5.431909442864855475e-05 2.719685438989343093e-05 5.503472713596797568e-05 1.039435873395420980e-05 2.049164391002350418e-05 1.720634382815633271e-05 3.182267595301863702e-05 8.867261392913632952e-06 3.373271961682540628e-06 2.668849865112868190e-05 2.616025260433598799e-05 1.986144058387779681e-05 3.567013568732829178e-05 4.416143382213525131e-06 5.151539328074929971e-05 4.759888207642846048e-05 1.103878080242080820e-05 1.414641503588768142e-05 1.804061006717814787e-05 7.153746156105209053e-08 6.975729275643085598e-06
3.321813438323102354e-06 2.877562647275226323e-06 1.405478425441649239e-06 1.038081488537736196e-05 1.504404109294899016e-05 1.255870219485089102e-05 9.880650887443952353e-06 1.003694599533669525e-05 7.403446654158974706e-07 5.148432351025293942e-06 7.693800495886339222e-06 5.419708441135382532e-06 1.353471122285235701e-06 1.483797448641089743e-06 6.260650969205451609e-06 2.497938697371284529e-06 3.981515727302299175e-06 1.140225471698752663e-05 8.396284154172812815e-07 1.317486446460172173e-05 1.782568914369919813e-06 6.662618683101140466e-06 1.759622898770769390e-06 1.713419294972042602e-06 9.833611930692324961e-06 1.176123302547059794e-05 5.891096536628410724e-06 1.026865515153079837e-05 1.232245626790083991e-05 1.314647551258069227e-06 1.357510685636757687e-06 5.887155648642805031e-06 3.074287967123164115e-06 8.498310205657987136e-07 9.375663993316361736e-07 2.200397768151610096e-06 9.788149605139964346e-07 1.021466514045860479e-05 8.019843999923131136e-06 5.991244031414525719e-06 9.557969029626421523e-06 1.025469417539145881e-06 2.982188406982811150e-06 3.272336152943759719e-06 8.464532378587963206e-06 2.163247740112044518e-06 8.222563825100327045e-06 5.030566696729301356e-06 2.403216457624252278e-06 1.332965647986384468e-07 5.604609140909949921e-06 9.187356414206343985e-06 1.047375352365996197e-05 1.066425279582274563e-05 8.910980103321182433e-07 3.242261600719311288e-07 1.128766369026504057e-06 8.202629857027584714e-06 5.943948376967310887e-06 7.271384354921440720e-06 4.695412718690344288e-06 3.635483565944609192e-06 8.702571780736994081e-06 2.072809242526470940e-06 6.581583814186803543e-06 3.912786022392633178e-06 1.179898128728671940e-05 2.765578986786128784e-06 4.688644174492915401e-07 8.220398519677035471e-07 7.443150384189255707e-06 1.992886032117676927e-05 1.022727081580065452e-05 9.295608674663675204e-06 5.960579753065159577e-06 2.139862965294744444e-06 1.121076174247576211e-05 7.001031028182528692e-06 2.541632893911755729e-06 1.707917400141217970e-06 4.143309301279945621e-06 2.761301502610031308e-06 6.361573769189517939e-06 9.603403954587810349e-06 8.699981321865766809e-06 2.007134471926604936e-06 5.311857060804790146e-06 1.183059329646133067e-05 1.380981238627824624e-05 3.328050204005136988e-06 3.578734042179875668e-06 9.641266300362090133e-07 2.404509007980332825e-06 6.243241934962834706e-06 7.188775898916557541e-06 8.129634261834340725e-07 3.330069115459730923e-08 7.285392325137477425e-06 4.956016932959698149e-06 8.706116624362268068e-06
5.697708418666566155e-08 3.544399263535551696e-06 1.534166099454451404e-07 1.266131748038007226e-07 3.010876852931504725e-06 9.542137894085680886e-07 2.995900459787430260e-07 2.281560935991941392e-06 2.414778463638729398e-06 6.453667165097602698e-07 2.588525409738648333e-06 7.125156175500460033e-07 4.705763006958623362e-06 2.384436287261082249e-06 1.009184162198403437e-06 1.579657929427647086e-06 2.054062309083261561e-06 5.958849272033503149e-08 2.681974182607175719e-06 8.600607565743306662e-07 4.117116867306354268e-07 3.021568239515890169e-07 3.565201895433514818e-07 1.439528730632211176e-06 1.845170778002162701e-06 3.301798302718476501e-06 1.384203531310314349e-06 3.744570069943409479e-08 2.727281094892082763e-07 1.166913739767360786e-06 3.211228255601547088e-06 2.202673231224373189e-07 4.522607029812688824e-07 1.533274760488761860e-06 1.373610262704856800e-06 6.842930591215753543e-07 1.705525520346817906e-06 1.127858765137344760e-06 2.159761094292763977e-06 3.877777321008467532e-06 1.098738398455032786e-07 4.719334153571525718e-07 1.791314066297589882e-06 2.283956718461718061e-06 8.685242094756279185e-07 9.625355626585746114e-07 1.448979021076573516e-06 8.050569031030925646e-07 4.871653924998383783e-06 1.602699441575386843e-06 2.073000838930574288e-07 1.802726849412530458e-06 1.047940765169652356e-06 3.231606485931222330e-07 1.900611332263127488e-06 4.567378042107660705e-07 3.499367256378362550e-06 4.791788734882258946e-07 1.131276148880936241e-06 2.645999964728458530e-06 1.054491653271074183e-07 2.737039992551545107e-08 8.485186137373490381e-07 1.879091755944361467e-07 9.526173730326643592e-07 2.323280970864506027e-06 9.241271607498931164e-07 3.060544263308302113e-06 3.931570148620888174e-06 1.087230071490618286e-06 2.944833180498285588e-07 2.132181320384399323e-06 3.606169120418094710e-07 1.346803311590573615e-06 3.482272062176923347e-06 4.162131808595761161e-07 9.423338143739653768e-07 1.163132980146946370e-06 1.075636949610878903e-06 1.669744376328534765e-06 3.655277884545680858e-06 6.873313793728306315e-07 1.428159655304544784e-06 1.486330182022089846e-06 4.879582772018263321e-07 2.958294675843809531e-06 1.605864992399995438e-06 1.135009611419138546e-06 2.165722424290914629e-06 8.268800436344914172e-07 2.091309481490569058e-06 2.399274748448938826e-06 4.312706983480203986e-06 1.084232243778880569e-06 5.463249864629737753e-07 1.086767474565734025e-06 2.546764084449671647e-06 6.362857072670339989e-07 4.653730055666193408e-07 8.809264770606057562e-07
5.260190546269369457e-07 9.328863099499967791e-07 2.730480056020467725e-06 3.320786983580444084e-07 1.766293956596141814e-06 1.298854316650622365e-06 9.326847936239471076e-07 5.567291255881831792e-06 6.576488398325877399e-07 2.152510454105175395e-07 6.383724766657282977e-07 7.401835708373941699e-07 1.034751796385352426e-06 1.300677286579573903e-06 1.344441669462053567e-06 9.650241289054692611e-07 5.938077934884203031e-07 4.733914175129581609e-07 9.941541805499996294e-06 1.266480586825968248e-06 6.630689122689104530e-07 1.133673654816328195e-07 2.807945032734686440e-06 2.443174266627095968e-06 2.341426688276708272e-08 9.010311246174270545e-08 9.723410235328940916e-06 2.895788176855743589e-06 1.530949588002360597e-07 6.492358639447964679e-07 2.350420042711282411e-07 8.016086298660335299e-07 1.400858993677352990e-06 1.474414969049170479e-06 3.948864043610135315e-07 3.469576805234384420e-08 1.962826270351692185e-06 1.038863193587150654e-07 3.812307444939688414e-08 9.187300880140103401e-06 7.261964566565858340e-08 9.630947432556610430e-07 3.481457223428344541e-06 1.040805524360207090e-06 1.038462895230691355e-05 2.807269562912900469e-07 1.527111318500865760e-07 5.710657493712220119e-06 9.155170655406462302e-08 1.130868313896283872e-06 7.130957070317516563e-07 1.482745836916610823e-06 9.528337828637593361e-06 2.352505333347541534e-06 8.301439136533303302e-08 1.457658857578297108e-06 1.602090368782595848e-07 4.784470065721427951e-08 5.102801717579049366e-07 3.550839797197601142e-07 2.867379611436226742e-06 4.883989728313411680e-07 1.103798096985213878e-06 5.833984665227281096e-08 2.932908115098193367e-06 1.623048457887694214e-06 1.688017268919487444e-06 5.262407209385383902e-07 1.096186969729681020e-06 5.660757244476314991e-07 9.552678032313182777e-06 6.812952930109931289e-07 2.278662222222500584e-08 1.013661950717559268e-06 4.218209643043890759e-07 2.735037270114091905e-06 7.282220674352146066e-07 4.362015865591321504e-07 1.302904699801095862e-06 8.275761768681396335e-07 8.844420421665633047e-08 4.665857972528333506e-07 6.895538137568741168e-07 1.424230230562999536e-06 7.791455072700077323e-07 1.687115830953538390e-06 1.089147778869591733e-06 5.155271314812068619e-07 1.075614816894890184e-07 1.572551638957042300e-06 1.069058621760646802e-06 1.567065013202819317e-06 6.817797405681123738e-07 2.525830910039510830e-07 2.620059828137844536e-07 1.193745125277184124e-06 5.497900688686663641e-07 1.405624926374514491e-06 9.231325835660109547e-07 5.610146462674449200e-07
6.102581859792278378e-07 5.970450633132235200e-07 5.340195553403473546e-07 2.897961941310721269e-07 1.735092079552576639e-07 4.363458903621563281e-08 1.843673158590883473e-07 1.680880840150396024e-08 5.769496749167250414e-08 2.415030864975502333e-07 4.662046041483671951e-07 1.275775727073739582e-07 2.516970145343143438e-07 8.954948556653670542e-08 1.988419898475041767e-07 3.519760628484965817e-08 1.209319750763553905e-07 6.521081411428705961e-08 2.887370156326103698e-07 4.501746355446497477e-07 6.145072767115063324e-08 2.297747919942350319e-07 2.675953389235611202e-07 4.006304357038712480e-07 1.528749064388292152e-07 1.808116282804579742e-07 2.463893489233622512e-07 9.893834398527791827e-08 6.267093481781885168e-08 2.091293439481268254e-07 3.508509910838631340e-07 3.329365359235055097e-07 7.949684186907549543e-07 2.184695574629840842e-08 3.532588055325652234e-07 5.093691912791391697e-07 2.929694163216273119e-07 3.906753314558891255e-07 2.675580145103815459e-07 2.056708798750861759e-07 8.159409961355432173e-08 9.634865223317237151e-07 6.768998817625390002e-07 6.034441804846305143e-08 1.825788161128129078e-07 2.600177754014790558e-07 4.088413025117124144e-08 3.077932353033859870e-08 6.382095689428908883e-07 1.477088241373219471e-07 6.753566586612629854e-07 2.748316679644165650e-07 3.361188625785303547e-07 1.514433927935832699e-07 6.257660868628902651e-07 2.735199072251366030e-08 6.016853192337449853e-08 4.312099493406103528e-07 1.056203604831844898e-08 1.332079496738348111e-07 1.720825147430252459e-07 2.022858382310098501e-07 2.339838225888757036e-07 4.086029515583751339e-07 4.267812849740863670e-07 1.066705827589402322e-07 3.519754298651864462e-07 1.932121880378207261e-07 1.428767697952138525e-07 6.621283975952443261e-07 2.164920124350452218e-07 9.893425463173408552e-08 4.137431461189805754e-07 4.443793970414911107e-08 3.149343517567730459e-07 5.249804635705351537e-07 1.128585344127972141e-07 2.750522035444453181e-07 5.430870279621019395e-07 1.840096897483969678e-07 6.396958728323913989e-07 4.165376615163803834e-07 1.597680819036277524e-07 4.862211882411052719e-07 4.615329671817415005e-07 3.470172978345872623e-07 7.421796327526295183e-08 2.271351548166424157e-07 4.232895694934132077e-07 1.046665583417194067e-07 2.771028510939991954e-07 3.613827945905730707e-07 4.301384883715418769e-07 1.606874906064240723e-07 6.752893766052140605e-09 1.229472967557030598e-08 4.116442001715663523e-07 5.554020292231993873e-07 1.722207491662687627e-07 1.255544167287633655e-07
1.344858645097093952e-07 4.134083474155543969e-07 5.223289721515211935e-07 1.675502452311507684e-07 2.051889486043574737e-07 1.426030996479738899e-07 3.469146613343939377e-07 1.094706576364793381e-07 1.329182982121242826e-07 3.134863464092971892e-07 1.364614106860093090e-07 3.076929535902157235e-08 2.736754230834419763e-07 2.014073410998699931e-07 2.627208724956806626e-07 3.412478403367668678e-07 2.625089169158096648e-07 1.921824273421203467e-07 4.220178036202286930e-07 5.334234211974128769e-08 4.692601297358077797e-07 6.082689954280896447e-08 1.747724021117618158e-08 3.999220124745654452e-07 3.068295510401513877e-07 9.501323252911826785e-08 3.013785628814912411e-07 1.588936146623401620e-07 1.083027717551564252e-07 1.066162252972558918e-07 4.830628428203219470e-07 8.439137451334973393e-07 8.657726447654142407e-09 3.841660025725025622e-08 8.703940385871699464e-08 5.528079781610590357e-08 3.287970726348110649e-07 2.481705851837569515e-07 3.564011250166097269e-07 7.265686562211371899e-07 1.526542063843686666e-07 3.055966373817573922e-08 3.475461780517012677e-08 3.269874501518615787e-08 1.970600052571226321e-07 5.707749842555036725e-07 3.285416430878956363e-07 1.130451894332742285e-07 1.876479052901317999e-07 2.744958079103438026e-07 4.719506154196599277e-07 2.986537322752624965e-07 4.285114678083900251e-07 5.112625112924437795e-08 2.697386132722900997e-09 1.432074610764976874e-07 7.923436102616785793e-07 4.943963860421798050e-07 4.838321656869166456e-07 5.098932205588218897e-08 4.797620992156570170e-08 1.983341946886704201e-07 1.250814100613023008e-07 4.814900419609124461e-07 3.290794310409442822e-07 1.209104831771188183e-08 1.642353696836063341e-07 1.004701652666868564e-07 3.203790939133926909e-07 8.485793300324625350e-08 7.490915758259178870e-08 4.398088374726293319e-07 1.405974472145870408e-07 2.310099281819659759e-07 2.503665482633056537e-07 5.238136531155745154e-07 5.326915770802718737e-07 4.819573124147352294e-08 1.452645025243374198e-07 2.604073516991530250e-07 2.449290981101399792e-07 2.256126178177539137e-07 1.315670046346427088e-07 3.426764607411731701e-07 7.038831458915778810e-07 3.932427605420367109e-07 3.656577301563033382e-08 2.848620497817261701e-07 4.356023960890810975e-07 2.384262032313310396e-07 1.888325869555243562e-07 3.471796705091345474e-07 1.852804055339286101e-08 5.243314942785809874e-07 1.021113032013933801e-07 4.712091182369541572e-07 1.018675033397976361e-07 3.936120391208149300e-07 5.559929368697131549e-07 3.042695558093674944e-07
1.309115469106739691e-07 3.684791670002306814e-07 2.643521719219782060e-05 5.162252900161447375e-07 4.912960278320480339e-07 3.201837199666118078e-07 1.920664642819651282e-07 1.345242750271450889e-07 6.178162223296923441e-07 2.643521719219782060e-05 2.256286949979226719e-07 2.643521719219782060e-05 8.767479688805609995e-08 2.278428327126046993e-07 3.967480769570162161e-08 2.654283277868182034e-07 2.691065625564307412e-07 4.742091690585513236e-07 2.643521719219782060e-05 3.939010596741953220e-07 1.299801808579091465e-06 2.643521719219782060e-05 3.618515091020480369e-07 2.690153108883369638e-07 2.643521719219782060e-05 6.603592274862520419e-07 3.250598479766393656e-07 1.534769071445094045e-07 2.495210545961073102e-07 9.322598472189276152e-08 2.643521719219782060e-05 2.643521719219782060e-05 1.987543586833856880e-07 2.643521719219782060e-05 2.643521719219782060e-05 2.706583098978007900e-08 2.643521719219782060e-05 2.377787190120347113e-07 2.998597514443760196e-07 2.252816301369142465e-09 2.643521719219782060e-05 5.896520942480829421e-08 2.643521719219782060e-05 2.643521719219782060e-05 6.022043797693191918e-07 2.643521719219782060e-05 5.386051426993210256e-07 4.387012741134912910e-08 2.718937277013539757e-07 2.643521719219782060e-05 2.643521719219782060e-05 2.643521719219782060e-05 8.926555364922468517e-07 3.474209254563744075e-07 4.717855967510862733e-07 5.531825945248540336e-08 2.643521719219782060e-05 4.313512401398137525e-07 1.085090387961574630e-07 4.617100334966904162e-07 2.643521719219782060e-05 1.583935927923380027e-07 9.363617405631284281e-09 2.643521719219782060e-05 2.651540670193944585e-08 2.643521719219782060e-05 5.138793489759525368e-07 2.369272734660014747e-07 2.643521719219782060e-05 2.643521719219782060e-05 2.643521719219782060e-05 8.502340716031852458e-07 1.808787652948066235e-08 2.643521719219782060e-05 3.263649287643546979e-07 4.282369833175589944e-07 7.083820112272173658e-08 2.643521719219782060e-05 2.643521719219782060e-05 5.998911674876459784e-07 1.609886368122763164e-07 2.643521719219782060e-05 1.434101449603343288e-08 2.643521719219782060e-05 2.643521719219782060e-05 1.146494494441822220e-06 1.659365229743365981e-07 2.643521719219782060e-05 2.643521719219782060e-05 7.853301475429372226e-08 5.277654011002510213e-08 2.643521719219782060e-05 4.522788568555806247e-07 3.147764750708562532e-07 2.302451242067189545e-07 7.507359112250090098e-07 2.029298774490367907e-07 1.201269282244300394e-07 8.738116921913011842e-07 9.376023147760455061e-07
3.249406365332424725e-07 2.643521719219782060e-05 1.309349565460118903e-07 4.362836128593875710e-07 2.161132846531554127e-07 2.643521719219782060e-05 1.479812164304982977e-07 1.023931633794842515e-07 1.074870832308123206e-07 3.258961437327451323e-07 2.643521719219782060e-05 2.550271264833445597e-07 1.384899398527339638e-07 2.643521719219782060e-05 7.647234998266197394e-08 4.614075115522919227e-07 1.746449302368449413e-07 5.274457378294828704e-07 3.933401595445250776e-07 5.018402604396041068e-07 4.520305711905020626e-07 2.492371372591366187e-07 3.912286514336940180e-07 4.809748722247471060e-07 4.775475495021335066e-07 6.979912535379348068e-07 3.896304756457501304e-07 5.239667162313250666e-07 4.455688348535015702e-07 5.788457511012669353e-07 8.043588846043340916e-08 3.045212997443273208e-07 3.149544832693493908e-07 6.275669380502704102e-07 2.643521719219782060e-05 2.643521719219782060e-05 2.302596926045139079e-07 3.388091294869181782e-07 4.905494198507679576e-07 2.568237309594843240e-06 5.128356910801805271e-07 5.181305621156173191e-07 2.781201855139932598e-06 1.378397523795605152e-07 2.117000059850365724e-07 2.643521719219782060e-05 4.758390915497533831e-07 7.831486221956414752e-08 5.268613543678242516e-07 2.654128887149222638e-08 5.057485492827217205e-07 1.231235669842360573e-07 2.412956212564813850e-07 1.320008780570181228e-06 1.046778725207543918e-07 2.017545238313982138e-07 4.433056974856246072e-07 7.698695051855500337e-08 2.034532651768782908e-07 2.643521719219782060e-05 2.643521719219782060e-05 8.272026403142142205e-08 2.468283890226923038e-07 1.293607357754675117e-07 1.691470781015165720e-07 6.736188664072697814e-07 1.766003669896224577e-07 2.106789473992137448e-07 4.380117524509867500e-07 2.950403319236627572e-08 1.933267382085476879e-08 6.534129922723914757e-07 2.215331934773360351e-07 9.670074327899582560e-08 4.576934911758542856e-07 8.389436502751428494e-07 4.319141237682374245e-07 4.262477551059366679e-07 8.317910565606620975e-08 2.643521719219782060e-05 5.219732227498942521e-07 2.254433135327899571e-07 1.791869213341843619e-07 1.316853557855877693e-07 4.471177397633270339e-07 1.374320526877267619e-07 3.767071890567764698e-08 5.255017474367970750e-07 3.660807451405368568e-07 8.973281546793349583e-08 2.643521719219782060e-05 2.643521719219782060e-05 1.391960527847141405e-07 5.230951286890835647e-07 2.580905746899329206e-07 2.643521719219782060e-05 2.643521719219782060e-05 4.502291520460974619e-07 8.920815067011661861e-08 2.643521719219782060e-05
