3.717576865924951401e-02 1.750394366329515589e-02 1.388423810927137333e-02 4.837913909909685034e-03 8.629204426991726393e-03 2.175789256687631068e-02 2.278518382297932757e-02 4.395066524277594852e-03 1.622882004906993011e-02 3.150312140274981465e-02 1.535923120404567715e-02 8.337878532657414660e-03 1.944882760003300431e-02 6.076224430501740020e-03 1.251418083154035542e-02 5.043792697468900410e-03 2.937117253655024442e-03 1.307364679034056162e-02 2.076627438436514858e-02 2.846389324216732492e-02 5.318563291526700459e-03 2.009138135558425145e-02 1.623381356483486609e-02 8.775764109343428543e-03 1.283595022658843773e-02 1.146117103773546322e-02 5.660088522959910370e-03 3.195711727566536570e-02 7.463048523346764267e-03 1.454288840695455373e-02 1.814754332260426137e-02 2.059223295802569548e-02 1.426511414294953130e-02 1.489278737285860965e-02 7.333677706504378689e-03 7.188899376898634161e-03 4.358459957519024430e-03 1.771298135660153567e-02 1.189107719344980642e-02 2.855123888399583448e-02 1.154117623822868005e-02 9.823886306330478768e-03 2.766766072339325172e-02 4.452747014142121457e-03 1.681695623864216255e-02 9.076048378428161825e-03 1.551156615931288674e-02 5.985089539707687256e-03 1.173115904562578408e-02 1.292213130563050344e-02 1.509955441248292222e-02 3.403326978265135919e-03 5.015200181804238370e-03 1.807234607139216256e-02 2.268906523792259267e-02 2.275929151129431685e-02 6.171506097370159025e-03 1.204042117928970368e-02 1.531244165720707304e-02 1.925332245365234118e-02 3.868375385242571636e-03 2.244988503639431393e-02 6.872381709278232824e-03 3.125646275360603830e-03 7.100238693200796279e-03 6.351547334150622892e-03 8.610537243451512127e-03 2.837575918488281779e-02 1.205823834331401848e-02 1.298528449519312754e-02 1.033818262368260167e-02 7.541874758011594959e-03 1.261605169406972843e-02 2.106351771622157198e-02 1.834243375229781259e-02 1.771143207272682374e-02 2.868500471320402020e-02 2.530502681169442131e-02 3.380023360457568536e-03 8.172233004438363840e-03 3.755997182918501161e-03 2.580491578165175492e-02 2.380662030669788293e-02 1.410456571845002983e-02 9.104671353910763487e-03 1.138942166182998128e-03 1.416275002715745163e-02 9.142724769087248390e-03 1.771204964016278791e-02 1.011111511496957070e-02 9.618005597386635602e-03 1.289019537983544447e-02 1.230542354243428782e-02 4.202648213578322363e-03 6.252208039747233700e-03 1.886691695362449628e-02 4.429801373914988086e-03 1.011894361789807302e-02 1.447449228557506039e-02 3.577811229293177686e-02
2.968169637377420043e-03 2.845476843738332668e-03 2.098682830084438403e-03 3.835188254383108120e-04 3.470632490135950460e-03 2.860429981550376838e-03 6.220931317348396116e-04 6.145686456664788480e-03 2.761798475284966102e-03 3.507963256849705794e-03 2.313456745545155752e-03 3.795909454263223046e-03 1.023755018122144735e-03 3.710319467328586970e-03 5.763566931960298345e-03 4.672371459124255791e-03 1.969054280054343894e-03 2.140744909656009352e-03 4.080886324465491516e-03 2.624783866685753871e-03 3.551284166027424052e-03 1.065834557951174074e-03 3.826865642619740448e-03 3.112104757415372694e-03 3.102221409950877556e-03 5.127569539198436124e-03 9.426543689645291947e-04 2.586183706161094154e-03 2.131371440131462052e-03 1.460966997389662571e-03 1.961917477698085169e-03 1.154443422006551888e-03 3.049281897940594316e-03 2.371996440447893349e-03 2.244108792877109321e-03 1.082234141464338568e-03 2.969336642217541237e-03 4.197281482792462881e-03 1.583869137296773895e-03 1.160308055493054248e-03 2.426642944235776604e-04 2.865794996244844066e-03 3.399829205091440404e-03 1.451359043038398739e-03 2.618475284062738058e-03 2.869361543091872649e-03 1.021675179528395505e-03 4.308872562273485633e-03 1.985127819413185467e-03 4.750892713699344030e-03 2.340372480226115669e-03 1.555524963453624142e-03 1.911036883412491451e-03 3.698856775113166725e-03 2.566140709035550607e-04 3.779780089146882530e-03 1.724730303492296888e-03 1.671609522858919904e-03 1.139337685858655708e-03 3.194131943735350511e-03 4.793495092522815845e-03 3.115895787342778250e-03 6.983903024024958744e-03 5.017949805513430978e-03 5.372955645868091219e-03 3.513551601163699507e-04 5.517029036899758973e-03 5.277611781342537306e-03 6.222110777205109178e-04 5.897339566800345080e-03 6.895572660603598719e-03 3.103247737359570487e-03 4.544055215862081651e-03 2.850710503920397820e-03 9.603058117747834089e-04 6.022592381598513428e-03 2.074974559014075310e-03 5.840492059159011103e-03 4.062182597195618488e-04 6.043525043283230411e-03 2.012150028032528865e-03 1.322592482999051383e-03 5.017112307917007651e-03 3.274008915446673888e-03 2.656220904598024894e-03 6.225423087996248203e-03 4.918093390025931808e-03 1.800850207953771497e-03 2.183882079267738911e-03 3.180074731428799654e-03 1.686292549359804435e-03 2.136746882187170234e-03 1.533619858559159051e-03 1.717287377913733360e-03 4.525264756346064968e-03 1.288150732711192776e-03 1.589158643039163387e-03 4.048759986943092221e-03 3.713524975607286963e-03 9.815068677183916290e-03
3.672108664802177166e-03 3.718754242117343432e-04 2.174573560135529497e-03 7.505849621618589703e-04 7.001045506996200242e-04 3.179527251146903322e-03 2.872200884360704017e-04 1.457456243230531622e-03 6.007748238902226381e-04 1.288850895910218213e-03 6.972269129147236431e-04 1.488462777068391913e-03 4.402980776325499026e-04 1.334959501242529779e-04 4.797214261165767130e-04 8.776948371002357436e-04 2.486418979168723755e-03 1.760120169173947854e-03 7.264291465367616815e-04 1.828298355758015397e-03 1.675600720880956671e-04 3.933297785831297590e-04 1.029960694349172626e-04 3.072088589708109330e-03 5.203423405554582094e-04 1.912911728942224502e-03 7.114178725629504915e-04 1.246410320932121903e-03 2.205537055328080261e-03 1.384786213522715831e-03 1.811294982864079155e-03 9.347169852252420336e-04 2.308421443281524939e-03 5.627654417629308252e-04 6.594779636081428247e-04 2.715632525628759427e-04 1.550434261167643341e-03 2.247375557464435206e-04 6.357607868411852773e-04 2.486147633503782602e-03 2.244501134766633058e-03 7.004351595372841112e-04 2.431843009291857587e-03 4.004195513537396091e-03 2.115320065584465337e-03 6.086959134991483129e-04 1.113827224420488229e-03 8.027625848217236505e-04 5.750653125823114182e-04 5.847745629316504403e-04 7.775703226269444716e-04 2.613034781076061658e-03 2.273240365087622616e-04 2.985125257172694855e-04 4.973658423800325287e-04 2.311298341207203592e-04 1.472827577811212083e-04 3.064216106013004613e-03 8.389523887330661497e-04 8.232477604599845213e-04 1.705346483975760238e-03 4.416650616553249907e-04 7.222957869367208333e-04 6.992942104124973655e-04 1.131182141217049013e-03 4.210798967860775654e-04 5.026782550252503756e-04 1.311914352309562562e-03 5.635472632385478929e-04 2.629763268589134680e-04 3.548751468504370769e-04 1.299185841862903618e-03 6.819142679787863412e-04 1.988167552430975850e-03 6.253809958934639741e-04 4.933436479423822935e-04 5.941741123335021399e-04 5.240432166966772819e-04 8.605901189748070557e-04 2.629619169784037230e-03 5.366030568046670614e-04 1.600111758745777994e-03 3.055514102908953771e-04 1.144412174983787042e-03 1.315096945930284596e-03 1.066042620972077045e-03 6.255053333875526403e-04 4.315886039921127716e-03 7.808811498169749947e-04 1.575148884037415060e-03 2.775985046703548166e-04 2.799715683705888275e-04 5.004451137117384542e-04 4.039166478189413264e-04 7.084103391708934400e-04 2.459191895581728463e-03 1.946851024088411698e-03 2.033649997846643208e-03 5.619846089844970178e-04 1.190226761856357255e-03
2.395952790340779605e-03 1.233771359195261468e-03 3.155475126895646368e-04 5.649886348881990802e-04 7.664471938603508025e-04 5.412621149447681499e-04 2.133295964417497527e-04 2.371948105621767380e-04 2.481948703729026321e-03 1.611317134035092401e-04 5.684729292284125199e-04 7.520750097819168384e-05 1.198460917613598103e-03 6.378022222517645487e-04 6.603117546730267757e-04 6.120520904258929841e-04 8.463574992100627746e-04 1.063479418742299936e-03 1.060822966813286441e-03 1.620068626408009346e-04 9.198644332363424721e-04 6.682360513213406270e-04 2.715154330879041402e-04 7.702708958011776847e-04 5.615739382890434653e-04 7.987858839734510684e-04 1.751317808152787675e-05 2.412112794243461041e-03 4.784088584238746175e-04 4.421678460032205321e-04 3.440843158474871425e-04 1.171674060342121643e-03 1.125626739534773494e-03 1.035017700542676658e-03 4.895695772988458002e-04 1.633531131221095591e-04 9.029469529401461020e-05 1.150568696674425160e-04 1.916403619692985303e-04 1.017052067655397620e-03 2.439940443732645388e-04 4.423707850176441863e-05 1.544337932565445232e-03 8.927084177152439914e-04 1.372566143348538962e-03 5.039288020651273717e-04 2.676300511482469714e-04 1.268307106306260871e-03 2.989147322721545934e-04 4.706838221319612566e-04 1.171481124893059125e-04 7.093806228136903113e-05 8.829164582527422589e-04 5.212558323409945040e-04 1.171144842382841698e-03 9.029962668478158563e-04 4.641620317637593258e-04 2.254263404722983916e-04 2.029354826542141836e-04 8.956371143577565716e-04 2.992890597536821025e-03 2.012175176918199436e-03 1.099188426647280080e-03 1.837548129885031812e-04 7.116435704974280289e-04 8.658552676422578672e-04 5.729334035974552319e-04 1.613392319273610756e-03 1.091956197148836040e-04 4.838416873906945404e-04 6.015349901510686978e-04 1.219940281939632318e-03 9.815654809980133358e-04 1.689013712652418040e-03 4.814350227154870444e-04 1.235921166358303069e-03 6.987837114269878714e-04 4.946673410877355966e-04 9.016149512276530327e-05 3.056755896791955992e-04 1.192644280277700870e-03 8.556824950933012873e-04 7.096156528278473648e-04 9.001673944139260012e-04 4.441647605089822713e-04 6.671199936250001841e-04 7.856520563357478806e-04 9.669949163712829917e-04 1.014691063436642487e-04 2.152427349589646562e-04 1.301643485879778149e-04 3.401221159442789112e-04 1.017553040291732658e-03 9.236368613777083420e-04 1.199152462519198492e-03 4.944305040767383794e-04 4.690637309089662498e-04 7.097842163992143906e-04 1.407723577698651116e-04 3.396478276634921000e-04
6.313590442275729495e-04 1.048934829564793063e-04 4.507087819563416055e-05 3.848129966299442093e-04 6.074629116536297765e-04 1.217512144756901040e-04 1.997103346507007296e-04 5.708349835528161130e-05 1.178620122553452617e-04 3.092431290614650269e-04 2.946111724229710311e-05 4.467143331476409497e-04 5.558537046443264278e-04 3.772827299639665619e-05 3.214277892305858302e-04 2.728282057868818358e-05 8.879860750498013398e-04 3.885121210568551154e-04 4.599725924508068445e-04 3.227560392663262993e-04 3.884847842112052266e-04 5.925504932735078251e-04 1.627237821255739486e-04 1.254908919382319245e-04 1.771219466208119836e-04 9.503233167730195058e-05 1.446923517575639842e-05 2.756700428134810539e-04 2.313359959927507241e-04 1.956444454025157314e-04 2.991316369094900932e-05 1.345917831747371791e-04 5.092213121411985583e-05 1.992362840010391991e-04 5.639729249027453616e-04 1.292479528078331250e-04 6.569992408064510218e-05 6.512346236035393508e-04 2.139091475901127941e-05 2.895207578419337719e-04 7.256410517240048132e-04 1.782432410836396180e-04 2.626773903729424193e-04 4.086105934987940618e-04 2.282241811484476035e-04 1.895613619816725653e-04 5.051080461066049599e-04 2.476342275979575647e-04 3.322533365219587555e-04 4.255932976863887934e-05 2.098255936007453173e-04 1.556722774895114405e-04 5.400208578887250889e-05 3.511399300719876744e-04 2.926473973710607985e-04 5.255343678803750616e-04 3.869703133681927669e-04 3.558308210227281157e-04 3.892863796154153551e-04 2.081812264119992475e-04 2.094791126219391637e-04 2.007138156447827945e-04 2.340082465875325515e-04 4.791958622220956641e-04 3.041683146397055173e-04 3.024153042776147796e-05 2.342456191757135537e-04 3.454885009315180775e-04 2.052055403106555354e-04 1.118321219044847393e-04 2.834217065062867515e-04 1.038875847047419432e-05 1.450424739579034804e-04 3.653702317752380063e-04 2.044388147944931706e-04 2.582289366284222227e-04 4.202634035254666062e-04 2.119746938692888220e-05 4.509442808962460395e-04 3.476030330287735491e-04 4.305020077372220324e-06 3.055861089207222115e-04 6.990504864952656189e-04 5.383426514173110739e-04 3.528934020543676741e-04 4.468340302777659017e-05 1.957694077574791984e-05 6.399868813136625324e-05 5.012296637733081907e-04 1.075251418463741085e-04 2.678526656442453064e-05 2.426479694450916634e-04 1.394664979894091319e-04 3.048139623451904851e-04 8.630661099523910572e-04 6.395700297837427504e-04 1.574951588907306599e-05 3.125419324147872004e-04 5.283757443502903710e-04 1.811132626057674797e-04
3.358795687270441652e-04 8.607006192617909035e-05 2.809602710585959315e-05 5.217062051564491974e-05 1.023281241300120418e-05 1.133199972387177990e-05 2.630960449033884244e-05 7.814772070186929993e-05 4.006509178912637232e-05 8.011291944345726428e-05 1.921960478510442542e-04 1.061050864750436121e-04 3.319824813885790713e-06 1.598952968770173404e-04 1.465883292494538591e-04 3.761078611047687846e-05 5.123878991769439202e-05 3.674475065707329732e-05 2.459158749391470453e-05 1.574766574386146515e-04 9.699726308585391709e-05 5.314862770841677982e-05 1.824803583394192551e-05 7.597312739769363063e-05 6.365488993105455928e-05 2.756182063566375842e-05 3.495990712188290907e-04 4.264409254886088890e-05 2.419108255285665871e-04 1.970467869678166881e-04 1.237873385691208583e-04 1.467446503721033706e-04 1.790060518227965967e-04 1.344223651657889184e-04 1.086400929622940618e-04 2.585150831124601793e-04 2.580703262447299625e-04 4.605508397282680948e-04 2.434345681444331387e-04 1.456575900968083768e-04 2.259890573888043486e-05 8.629551480319457989e-05 6.560254729393594632e-05 2.321329360774964740e-06 2.659256993559581402e-05 3.745602500067542770e-05 3.601158917413919546e-05 2.431571643993861432e-04 2.380833663021931308e-04 1.403999281359919805e-04 4.552745146606611802e-04 2.849551331725573848e-04 1.778820114047772983e-04 8.100983193836281413e-05 6.942233384414494234e-05 9.610817437178360910e-05 7.630879394133235731e-05 3.015722111341128569e-04 6.847605899429343168e-05 3.462919920103655442e-04 1.554613340974436611e-04 1.100922139807831816e-04 2.898436351609615016e-04 5.840442996097748498e-05 5.307072262391812650e-05 7.460656366501284154e-05 1.632984009134485787e-04 1.689807766109505680e-04 1.668762697917333801e-04 2.728696894901940439e-05 1.470787830737298055e-04 3.748853552754529366e-05 2.385533530565000419e-04 1.172752414168895085e-04 8.049877301415095453e-05 2.213301476524196659e-04 3.232096641401496426e-05 9.304034285620167146e-05 9.540671690492645617e-05 1.977306448252089273e-04 1.434051652784848951e-04 1.306330806096051532e-04 3.615995594629557719e-04 9.254198135470005160e-05 1.700370752563770292e-04 1.426490345560766509e-04 2.021192142569890569e-04 1.597507485917323920e-04 2.837905246636149000e-05 4.077610370864670231e-05 5.857005588823528145e-06 6.800445784542499231e-05 4.795701994688956289e-04 2.968661445234098005e-04 3.140881319147328997e-04 2.766761337898860761e-04 2.878697174168645808e-04 1.234735233214121668e-04 2.205949561802839401e-04 1.612026675603414703e-04
3.106586879365225325e-04 3.816397592040694808e-04 1.909993628518389806e-04 1.225814778651500899e-04 1.971236307016807447e-04 1.011314531994876131e-04 1.319996832844983934e-04 2.734914356402450160e-04 2.025761369869958229e-04 2.578110161948805488e-04 2.480449325702892196e-04 4.220855910249497875e-04 3.329468298070126881e-04 2.032402343853903948e-04 2.503632704044338447e-04 8.236868748993807405e-05 2.960407884654421519e-04 3.378549938515230597e-04 2.242346597236301309e-04 2.800874922156282722e-04 3.016677895654864888e-04 3.808549293942501139e-04 1.216209648218803392e-04 1.104641064875678462e-04 2.558482236978580149e-04 1.913977667064194058e-04 3.390048377194062766e-04 2.965628624490808450e-04 1.834991539204296781e-04 3.506840580128961146e-04 2.384593794827848513e-04 3.480376877868525788e-04 3.341346414638071303e-04 2.345672828610660102e-04 3.518031924426535343e-04 2.336642404628827508e-04 2.208894275474017712e-04 2.027418295353060492e-04 3.437646239892925117e-04 1.774788215147221995e-04 4.436673580982730593e-04 1.558800793196801423e-04 4.415223713625888113e-04 2.912806815254606217e-04 3.613295591459000141e-04 2.701365513097849641e-04 2.723528488670515311e-04 1.096360468288355738e-04 2.268208246534168153e-04 1.140985043345498618e-04 3.258136075571591971e-04 2.180138281627847971e-04 2.964417252803078608e-04 2.662434903476004061e-04 1.252361256805448338e-04 3.532027761007437271e-04 3.089807675386643392e-04 2.306857464896438126e-04 3.566089160448346167e-05 2.376066628555297574e-04 3.298424128747823271e-04 3.055046220424315149e-04 2.953733596156105437e-04 4.319479806641107517e-04 2.956636061929987839e-04 4.988666099826279295e-04 1.545783907851092109e-04 4.689033572126937843e-04 2.146002834199648096e-04 1.067880460475982514e-04 2.140393030743759409e-04 2.621975367186542586e-04 1.052997512414763034e-04 2.686728668394092992e-04 8.387268400994173450e-06 2.195918117375424367e-04 1.951953907331139453e-04 8.512298325224321822e-05 3.321809364308251971e-04 2.131864284704245880e-04 2.548100239768942630e-04 2.196645404908429485e-04 2.025266737638006028e-04 3.512210062810734571e-04 2.409358997187417391e-04 1.273689122091206769e-04 2.486500272233737284e-04 4.577425417229874006e-05 2.714914658871410468e-04 2.058178185730723741e-04 2.188749128721055224e-04 1.610148764659496360e-04 3.051155228067426220e-04 1.721747713034849831e-06 3.076137389763452688e-04 1.246976240130665903e-04 3.219399518403920227e-04 2.144315925722940297e-04 2.403462295375630349e-04 1.571968906442964772e-04
5.479165511893834320e-05 3.784527080737160488e-05 3.487484887436333083e-05 4.932551045704094126e-05 4.543270698375935827e-05 7.602368992008761296e-05 2.168647066360141097e-05 9.398227801004077213e-06 1.356794083586251602e-05 7.775076165234546112e-05 1.435698255737075487e-05 8.049610945702971294e-05 2.019762405523002120e-05 3.609523605553918946e-05 2.470325096579530907e-05 6.014258703941689061e-07 1.095848468509390166e-05 6.940533475340709121e-06 6.214930370248864465e-05 1.441844551304262537e-05 4.505638480681274042e-06 7.448307715855477149e-05 9.641513298793624655e-05 3.355252178250059543e-05 2.309833328835453076e-05 2.025181599269069781e-04 9.061715410184516587e-05 8.292697347896646248e-05 7.078219748186780069e-05 2.390436506385590836e-05 1.079282769021146145e-05 2.880434740965863164e-05 2.065257210101552248e-05 1.288374469113948643e-05 5.878567911889435343e-05 3.514151060886158337e-05 2.059086007297674046e-05 6.239154747964598851e-05 7.629714775180174816e-06 9.816205935288366442e-05 3.426049631835342748e-05 2.732577693558003296e-05 1.852843894822581958e-05 1.857461932307718916e-05 4.208830016369186978e-05 1.847577733137150042e-05 1.145829470064755657e-04 6.063610100218650692e-05 8.785028151766956048e-07 3.854533389315139961e-05 7.428185306326666199e-05 4.699528565598570220e-05 5.401533921260271277e-05 3.256300371035776543e-05 4.106926757397372956e-05 4.730447534694672039e-05 4.865831556509061314e-05 4.302856625522175754e-05 9.123181451751554956e-05 1.538589878900281394e-05 5.830328638953991840e-05 6.195529726211168044e-05 2.079726309367339434e-05 4.458815723335447867e-06 2.358875176725130985e-05 5.823777789323098859e-06 1.008014280020191412e-06 5.570674709203271997e-05 5.174293537783782786e-05 2.717671640772260306e-05 3.032660692892681162e-05 6.609494842793592665e-05 1.723715681127714668e-05 3.298909870221727620e-05 6.044435205942813198e-05 1.205012565284212135e-05 3.456980261505051243e-05 5.060691880281327460e-05 1.923123385534998754e-05 4.836169279866140244e-05 7.377039935658612387e-05 1.449084513409660777e-06 8.035152606541239633e-06 4.012976372682962962e-05 7.078602307565156775e-06 1.584634691278215680e-04 3.105885310986454377e-05 2.325776823712767856e-05 6.013015850621545883e-05 3.780065094554747537e-05 2.788506188882309482e-05 3.178055225438752867e-05 3.983843000480471986e-05 2.934710181414784346e-05 4.977433084471925392e-06 1.807192421494311030e-06 1.271702017868247615e-05 8.881955968467287945e-06 3.020304137172246972e-05 9.972399906093550440e-07
3.200772920219876647e-05 2.068855992899524160e-05 3.419770004692567226e-05 2.509491247913947257e-06 2.289038973426652026e-06 1.957033351279794916e-05 4.898108072719930964e-05 1.101356883300450432e-05 1.356584602308849755e-05 3.094633494162988343e-05 3.939702210485180559e-05 2.436299921424644788e-05 2.715707979215517385e-05 1.698356402807475391e-05 4.424113732472478503e-05 3.097405751498376808e-06 1.127972726923526372e-05 4.306297010090661027e-06 2.544848546870768138e-05 1.381754300394728743e-05 1.452233938768533150e-05 4.859738848030906249e-06 3.865501662347404612e-06 2.972650605355589814e-05 9.283788052380459140e-05 2.840781702783379316e-05 2.602872194522978629e-05 1.039130830063839176e-05 3.987530099437485787e-05 3.479390219071431091e-05 4.898658474414533146e-05 5.038062400758778117e-06 2.198367968858005252e-05 3.106823649988136622e-05 7.916878980855485940e-05 4.441897786953657963e-05 1.390417094629864186e-05 2.713525232330562474e-05 3.929391355732472356e-05 2.716718062325313603e-05 3.900299028852915617e-06 2.645917554475258124e-05 1.401601269158349783e-05 5.966989268418846181e-06 2.453775697620733559e-05 3.548846466794453979e-05 1.065475814048933371e-05 4.251645924556754990e-05 1.571566490524147237e-05 5.015585936154853239e-05 4.256122808127373112e-05 2.292715873413282162e-05 2.525590808243557248e-05 8.034940309562376023e-06 1.312589915165488603e-05 3.148485277058709491e-05 4.316623353531457062e-06 3.901617599683220039e-05 6.646790572865115976e-06 6.618334061644390068e-06 7.421666967986267959e-06 3.618067485544016219e-05 2.688541382071112128e-05 5.353368023783503112e-05 1.879005718899093031e-05 9.312001069231208989e-06 4.280624714346526908e-05 3.968974438707322075e-05 1.424322421051057939e-05 7.975757546419766543e-06 9.425890006077881499e-06 2.370268524584122127e-05 7.069031568721698066e-06 3.472684072973897268e-05 1.623610343654163145e-05 2.598323662427274246e-05 7.538674261154349268e-05 9.910793091168918352e-06 4.210097509532394325e-05 3.416204022413318349e-05 4.207955967541675778e-05 4.733921656667041474e-05 5.284744809583071526e-05 6.729507244773249056e-05 2.266317784342265621e-05 7.089363214376912735e-06 2.637925552086060370e-05 3.373544690556267803e-06 6.275597845761487592e-05 1.239656379058945464e-05 1.262786640002132821e-05 1.778223419317082074e-05 3.528416782371281288e-06 5.923423517025630433e-05 1.732859703679233350e-05 9.793224493505310542e-06 2.536586877974338579e-05 4.360222066221100404e-05 2.813419973899311863e-05 1.405087961424151913e-05
7.447053169408280341e-07 1.698217278958504320e-05 8.823963189822408757e-06 1.723081381240427101e-06 1.025875643031474353e-05 7.529590304716690946e-06 3.622301157491098747e-05 2.118487316066455269e-05 5.010797735280767168e-06 3.336554628297102427e-06 1.141125639487925865e-05 1.581437645893218484e-05 3.376919337491865220e-06 3.006516316444424373e-05 2.030046146028180980e-05 5.689037330949397484e-06 2.422411014559256787e-05 1.022354557759493909e-05 1.463369563031828173e-05 6.960768497378603280e-06 6.996878455259520907e-06 2.398084929666152607e-05 2.433733877204426376e-06 1.086178580499308651e-05 1.850130184363957236e-06 1.233516625732035121e-05 1.134850362254513989e-05 1.298879637620769802e-06 2.079362865605944904e-05 6.479926075479744459e-06 5.437226587454288543e-06 1.147682282665189643e-05 1.611989714327276995e-05 9.450539211847265480e-06 8.915090185905064301e-07 1.308739945855166217e-05 6.321475297605649757e-06 3.362188357203032212e-05 1.025636152793283956e-05 3.842367777075716432e-06 1.894165007846586792e-05 1.289619622121253119e-06 1.021804746028253127e-05 1.405381650761506268e-05 5.543127043803106109e-06 3.983909053600880729e-05 3.096033246666802745e-06 1.247864368353680333e-05 2.186748203129409068e-05 1.864427160437882899e-05 2.251113903413240762e-05 3.803488718792705136e-06 1.418229747366406301e-05 4.171288094773488034e-06 9.892470241915406811e-06 7.973162160464845026e-06 2.624668602791745614e-05 1.638514844649335161e-05 3.897550490103225045e-05 1.603353706389444241e-05 5.485377897174162470e-06 4.686516067121728680e-07 4.272413655335351737e-05 1.290609098734998173e-05 4.089560612450356196e-05 1.669569780588117140e-06 3.472830551736162338e-05 5.059379146744217286e-06 1.797553151772400445e-07 2.089126275388006901e-05 1.451595279161158825e-05 7.437093054338902878e-06 9.115503941362027189e-07 4.229556202547088189e-05 2.656986818018651719e-05 2.258111074013754215e-05 1.527574011522518462e-05 7.749616278397479803e-06 1.773248389553291223e-05 3.792228711070302411e-05 1.338817109699516648e-05 4.917790078229529200e-05 5.905821017015664440e-05 2.753945817490228028e-06 1.031827178440175036e-05 9.465295946205299761e-06 4.293677456126182617e-05 1.339547125341165433e-05 1.870184920602280574e-05 1.265655291150705091e-06 4.473255694107332222e-06 3.970797031807402060e-06 1.961585254433689836e-06 8.911150595708768317e-06 2.243887717547235894e-07 1.417810684119166447e-05 2.799708722761761866e-06 2.058931255567663986e-06 8.385001760500833436e-06 2.393525709629490764e-06
4.485629103493730523e-06 1.570565849074627776e-06 2.018349643609955110e-05 7.310594329703076321e-06 1.461349675484066814e-06 1.046232375561691576e-05 1.102480587294493895e-05 6.062885457519982601e-06 1.308328495280604269e-05 1.715898870857860658e-06 6.847742388749797502e-06 1.107028327650840148e-05 4.372856341198548769e-06 3.230316363362927756e-06 1.732763052891545511e-05 2.630575011543333462e-06 2.394543152520906574e-06 9.530767041046657602e-06 4.298185732349420684e-06 3.178129676709447884e-06 7.171654474563043244e-06 1.015656303840453727e-05 7.765081832920605112e-06 1.199108800533620756e-05 6.101587903797916056e-06 4.989326172777753587e-06 9.263043390794608526e-06 1.708585900991910659e-06 1.346167775869644426e-05 1.411520150296649140e-05 1.681716557283242052e-06 6.932639789848731818e-06 3.464331690914647765e-06 5.358311754632848046e-06 1.378401650111035072e-05 1.052046295696822493e-05 3.891471704162431894e-06 8.996835878801423515e-06 2.380568817736056793e-06 1.617385176983894560e-05 1.837839495658632510e-06 4.995546146029374432e-06 4.026954182116110185e-06 7.932673710032421045e-06 1.611140175926235209e-05 5.579640588861969495e-07 4.245908507876897553e-06 1.508146195968246219e-05 1.231169041414354113e-05 2.906910045555618441e-06 8.422102607579557774e-06 6.998729998866843548e-06 4.742199187097752481e-06 4.098831045688262870e-06 1.280858273849740689e-05 1.084161453169427646e-05 5.580535056022719839e-07 6.272691422731994549e-06 5.800345038814391132e-06 2.240470929879249719e-06 2.274832026902322744e-06 4.746703126693249375e-06 6.459256128668370221e-06 1.493697329618197571e-05 2.504059869931301177e-06 6.159935861261333860e-06 5.002267153479313195e-06 7.751090121323741340e-06 7.037073900551309724e-06 2.612894243111614781e-06 3.839581210405790479e-06 7.165103739499141614e-06 8.594038740357583993e-07 8.034879846648488303e-06 3.548978564420434106e-06 1.507007278661976225e-06 1.091892253794385653e-06 8.627537679064592165e-06 8.760262982618347160e-06 7.475799652465311271e-06 9.477692351410514312e-06 3.972018897154241825e-06 4.783758075542337734e-06 9.661834783012896970e-06 8.728072084682144728e-06 7.005167001195444714e-06 1.454914535962061010e-06 8.321316971252667917e-07 1.184965745316191199e-05 2.157465485911120455e-06 7.930429748733662922e-06 5.290666773968177797e-06 4.664816104665333977e-06 2.358584473481204990e-06 6.192535803948214385e-06 1.852094590507671193e-06 9.562211179444381974e-06 1.539298767820410596e-06 5.457755732453105458e-06 4.919546997078913178e-06
