1.697668997626878423e-02 6.854754326929269476e-03 2.703558229408407898e-02 1.551748511434586711e-02 1.544015346232589965e-02 1.734364173193094633e-02 4.176084199517839102e-02 3.548839230595855071e-02 4.428959297989640970e-02 1.200429673115682543e-02 2.478471059117070066e-02 2.747781345613244108e-02 3.739959334828542314e-02 2.749856137443644488e-02 4.191890683943371755e-03 3.175701364306533769e-02 5.570153915923233522e-03 3.416352706301212933e-03 4.070973939983674877e-02 3.524259735551799055e-02 1.928134343761998479e-02 4.069276772331509306e-02 8.770285870872220751e-03 1.087882760187853029e-02 3.929742921561949626e-02 2.165071169571088430e-02 4.282247383612106106e-02 5.111153642940469144e-02 2.160445071412930851e-02 2.443041865697224285e-02 4.070973791325500912e-02 2.481711718689531831e-02 3.105488083622639194e-03 5.416730568623120620e-03 4.069276491964914089e-02 2.879394145216048785e-03 9.954420152902293539e-03 2.211642946021733641e-02 3.623211660720468408e-02 3.841894621740438165e-02 5.190154064578945958e-02 1.486524085976650283e-02 1.509634970895354714e-02 3.722350660522003724e-02 6.640538444430161592e-03 4.031755036179947294e-02 5.689167157090157037e-03 3.163961970378219475e-03 4.266993788041813923e-02 1.873192455624279190e-02 3.307617039528601421e-02 1.478646787648898314e-02 3.626167740119820484e-03 1.534153264700323371e-02 4.287329308048951071e-02 4.942118797690247395e-02 4.069277926054522959e-02 2.831390757790090695e-02 4.069277917392814803e-02 1.656543811351969889e-02 3.711915514074341782e-02 2.555725986584920367e-02 9.384970949490104020e-03 2.086271975009933860e-02 1.787017708437370692e-02 1.854203463988038716e-02 1.944392191204241671e-02 5.222348370663579611e-03 2.408584179286258134e-02 3.500982390373894027e-02 1.224342885310949515e-02 1.891118373029210958e-02 4.873949589360214441e-02 4.070973987217922641e-02 4.880872181000834448e-02 8.982802361839114028e-03 2.332200296059633998e-02 4.486669240772977324e-02 3.892000760421020222e-02 8.441110840841377361e-03 4.745178066692493091e-02 3.024343571620944499e-02 4.069274564083006501e-02 3.195340651704711710e-02 8.158649958199480287e-03 1.579636946288795821e-02 8.155854458574829727e-03 1.471723403567418847e-02 8.946499177556908530e-03 3.468732753607300934e-02 1.974076218356868306e-02 4.319021433914414093e-03 4.439807089398550149e-02 3.838812997872271399e-02 4.958878871050692583e-02 1.105875317080575251e-02 1.351052086329653651e-02 1.780900100386764370e-02 1.367874701604285606e-02 4.404951170511750558e-02
4.397750959809086126e-03 1.950278407277996435e-03 5.498382085600773440e-03 1.575473296146616105e-03 2.128099145423686597e-03 1.496856189601367560e-03 2.670973492510580159e-03 1.527577917866461453e-03 3.666108800560860612e-03 2.674345903354627494e-03 2.382665804781038642e-03 4.389931644804502021e-03 4.033543756963232224e-03 1.993969699482004386e-03 3.235095386546441021e-03 2.573177025100281071e-03 7.904477352475397858e-03 5.617708503758683976e-03 3.742648298123517087e-03 5.789185873735204491e-03 5.412515429066983019e-03 1.254111969291298511e-03 2.289821924425528357e-03 5.749928144313683903e-03 1.560160385164163907e-03 7.022035916288213962e-03 3.875964112249231583e-03 2.273792679913663305e-03 7.149234771246196218e-03 7.624887337719338069e-03 4.359398558896810348e-03 4.195294352149370014e-03 2.468781333413968496e-03 2.903145924310677681e-03 8.426970088719096946e-03 1.817271313717922594e-03 5.115422261961481698e-03 2.197910003222893274e-03 5.086782603170309468e-03 4.755741723033429964e-03 2.836509831877470633e-03 4.235288012096316383e-03 2.376935313552196085e-03 5.871595755109073646e-03 4.237374794883111070e-03 6.665232327058943397e-03 3.850771856242589646e-03 3.510241087057005584e-03 3.577588648198555196e-03 2.813164765621316288e-03 3.046470359838085885e-03 1.765782229459969717e-03 7.455935729899820612e-03 4.063853832818670880e-03 4.873125737268305287e-03 1.587337882565046081e-03 2.589800468611140518e-03 9.190531924627631452e-03 4.525431542282491379e-03 4.244862770895129270e-03 1.332130821920438340e-03 1.961434274690192648e-03 8.203858417364515848e-03 1.761266507867169807e-03 2.151328209921588887e-03 1.603851373150201164e-03 3.716584908259242329e-03 6.419220185224699081e-03 8.216659725532784314e-03 6.640008690767753088e-03 8.409303852961664324e-04 3.752523954990425945e-03 4.085728785674658421e-03 3.360593964710625447e-03 4.172743378247416486e-03 1.523305804307349860e-03 3.499531678609647811e-03 4.239503058027609128e-03 1.534846966901873971e-03 4.100369878645471894e-03 2.038497071919220804e-03 2.815854572469272087e-03 6.719424822882475584e-03 1.754849585996761697e-03 1.312274466954916133e-03 1.392741755680564205e-03 2.562006602716795228e-03 5.863237900919273521e-03 4.703424685384344217e-03 1.445594152616968458e-03 5.046146384353958000e-03 5.569298771709837829e-03 2.937797807637429395e-03 2.126775213921454355e-03 1.933588441744358948e-03 2.191608000924613955e-03 3.565043295699933668e-03 1.706931606663111313e-03 2.407409103350877013e-03 4.961547696292320855e-03
2.094648836971420292e-03 2.875542962329356747e-04 1.417349685755770567e-03 9.026177185187519644e-04 5.036696528587045890e-03 1.394907219366116769e-03 2.280776460134477813e-03 2.099625369121383995e-03 2.388842872240381447e-03 1.320149267114660747e-03 9.517633220861018229e-04 9.291755904283207843e-04 5.904793711964195042e-04 2.681910703474199922e-03 1.566337873717858374e-03 3.484863281783438099e-03 2.647144492448588564e-03 1.740353765367012211e-03 1.499442193742348039e-03 6.811811069524915637e-04 1.671794523464217386e-03 1.325089521453786615e-03 5.797948604893909084e-04 3.236566302979105095e-03 1.946031570500685514e-03 5.810720602342259958e-04 5.974086696400942101e-03 1.539469692318919765e-03 2.177630134073431888e-03 2.805057071583033895e-03 1.235503707093330711e-03 4.381125393251893759e-04 2.501422898622469512e-03 9.726807269353973662e-04 2.615826195657513543e-03 2.379838817118158732e-03 1.727958121542008804e-03 4.275387894312433421e-04 3.783554552665141252e-03 6.060758824071336634e-04 2.217123838608295750e-03 2.163319810397937911e-03 1.425304188095280087e-03 2.749523900890622763e-03 2.079362920690972210e-03 3.262702945233762059e-03 3.286745844341257706e-03 1.790817855998006738e-03 1.250616990925220318e-03 1.099901054037675510e-03 1.360979348455687056e-03 3.382241029749416712e-03 1.268753204312699206e-03 1.301294609267226229e-03 3.570273813806131968e-03 1.812675688656655926e-03 1.590149393236074682e-03 4.607379150331321273e-04 2.932604789759527854e-03 1.191057366741619852e-03 1.459026633103913681e-03 1.745363511895476304e-03 1.148987777733222627e-03 1.289927658742422113e-03 2.440236459213959101e-03 3.013570198430725548e-03 5.968564245499883647e-04 1.449470245429490978e-03 2.018572799031193802e-03 2.805299577635925884e-03 2.353858841445197712e-03 3.348038257749231476e-03 2.052490163869944654e-03 4.332682533235401173e-03 5.092826612552180153e-04 2.962128103182382847e-03 4.888360703952721216e-03 3.352842582580527198e-03 3.096223651137826761e-03 2.026978777500535768e-03 1.795597899810328149e-03 1.694538622508618428e-03 6.313717579901232605e-05 2.534635534705876291e-03 3.348699624675295552e-03 4.219581532066781285e-03 6.938214879335421591e-04 5.965425839813035631e-04 3.061504795502200619e-03 2.538716196465457941e-03 2.266020923886017269e-03 7.100595548705549657e-04 1.527669267348869550e-03 4.085192655447661934e-03 2.922565684976865825e-03 1.959437651778821090e-03 2.749513201216155153e-03 7.741080763060620776e-04 1.104730573539677288e-03 3.007683654603058535e-03
6.480751578729758867e-04 1.227994590600821117e-03 8.849187969642675292e-04 1.084208777577135843e-03 2.079063432955810444e-03 6.168407345292148056e-04 1.631269356169819302e-04 1.200140918255830245e-03 6.259696004620415085e-04 3.131726871953045832e-04 9.373474112920777025e-04 2.271106427592179278e-03 1.114167314455825853e-03 1.355725261433161693e-03 7.695816977351679043e-04 1.138678578115850286e-03 1.059284474227486887e-03 1.914736327985606988e-03 1.180022395692331737e-03 1.185376114278485467e-03 1.548674226282784278e-03 7.748839664644810096e-04 2.251173689356858465e-03 1.332018495357756033e-03 6.112501978750975234e-04 5.420240761181909601e-04 6.106742945847003440e-04 7.938363985659300636e-04 5.131706249132746318e-04 1.149980762771703972e-03 7.765014928749699747e-04 8.873958543023331095e-04 7.606573947646607173e-04 1.105221146049649569e-03 4.192372204520685851e-04 1.263473493410514469e-03 5.956064169852197257e-04 1.909518549413043945e-03 6.763805936782886843e-04 3.889920527353170408e-04 1.338951183034746764e-03 8.061991358914390084e-04 7.769639425421946645e-04 9.842731472355105947e-04 1.230732422964929580e-03 4.595267040951079868e-04 1.422012303482950201e-03 1.946416766043274462e-03 2.585562460116199932e-04 1.324951124801027795e-03 3.855132618213034414e-04 5.608491433539380781e-04 7.513566955311743291e-04 5.763433297269321669e-04 2.121916601863608597e-03 4.451168976264441605e-04 1.423441975568836117e-03 8.323021720557276714e-04 1.148457934602948064e-03 6.265997530318157590e-04 2.760619923251791171e-03 1.599233617919211493e-03 2.281111981595615934e-04 6.414264486134651231e-04 6.034992274015417869e-04 5.378694563960108917e-04 6.782939167422791541e-04 1.379235499407397087e-03 1.553105553064535729e-03 9.835181499252623749e-04 3.140061906792943665e-03 1.150051992681790959e-03 4.591847756161975295e-04 8.306811711315835109e-04 9.190643438664674540e-04 1.597674326413983615e-03 6.618832310330171990e-04 6.537492593580439574e-04 1.384260008060396972e-03 3.584469628241242298e-03 9.812861427839047589e-04 7.714840998905378054e-04 2.307131335558468624e-03 1.531123144030396236e-03 7.428234106581128610e-04 1.628964367959570255e-03 3.273069578218269250e-03 1.983585893212051580e-03 1.696430590677940877e-03 1.649496888103293892e-03 8.074101224100642318e-04 9.121422118303123064e-04 1.005262846866510984e-03 6.589215472998390501e-04 1.305423876100017620e-03 1.011509790822523415e-03 1.783844332859419856e-03 1.923016183038418455e-03 8.021356571261189713e-04 8.792649471930432271e-04
2.032653922304116477e-03 1.686304168239994433e-03 2.640396236836807693e-03 2.254997663854048894e-03 1.825943201697176983e-03 1.322758803035243170e-03 1.360358485520597564e-03 1.168986517552987126e-03 1.209353973199139148e-03 1.984886184944063478e-03 2.193947559162924207e-03 1.639167493842459732e-03 2.093041785300210622e-03 1.648205417512546914e-03 1.187506503235273396e-03 1.896108672774336106e-03 1.845459354809329952e-03 1.711207293101017811e-03 8.880277944322555487e-04 1.915253821992971093e-03 1.079706117547117811e-03 1.700664329421974460e-03 2.352164140271528238e-03 1.701586943210723875e-03 1.413465496415264181e-03 1.365052000919598878e-03 9.055027888072078980e-04 2.008950707226948677e-03 1.045311480819026894e-03 1.848240053878790444e-03 1.550278895432701280e-03 1.638316058119125736e-03 1.100395621799289464e-03 1.694971568600853662e-03 1.784104722829710048e-03 1.507750496099509322e-03 1.080121094418508895e-03 1.176031019993224215e-03 1.717073689925453740e-03 1.596179369912111229e-03 1.182226989244882388e-03 1.301646758093710906e-03 1.411208664144692534e-03 1.505132774347437905e-03 1.581945583694811851e-03 1.358426852858755658e-03 2.193722559899421044e-03 1.743842423810426862e-03 1.991136983439244224e-03 1.430249267633239329e-03 1.475715644968204985e-03 1.384085638051850030e-03 1.768393988792174489e-03 1.573492130239261986e-03 1.395101296442622556e-03 1.540744441128388516e-03 1.912660953074834386e-03 1.982665784201803963e-03 1.883738231005585356e-03 2.764560619220176110e-03 1.175192294590180842e-03 2.052245017788626759e-03 1.224957102758149905e-03 1.882578294802868951e-03 2.450744096422278508e-03 1.265991277012373491e-03 1.313874998614067771e-03 1.281263080025882121e-03 8.972408231496919583e-04 1.065810533181927146e-03 1.647268815812992374e-03 1.278869356875651829e-03 1.589772124939458882e-03 1.216681696962146906e-03 2.072755873259729629e-03 1.649079976515715638e-03 1.916872476189398263e-03 1.659785787712403328e-03 1.980428711998518526e-03 1.257917486575003702e-03 1.379969753762679647e-03 1.003702843494141917e-03 1.195085539267457106e-03 1.576672633559531760e-03 1.751799243562834679e-03 1.094414071232156609e-03 1.216892044508593659e-03 1.262077449402357028e-03 2.025715050668778616e-03 1.527606744189619796e-03 1.126721141790296317e-03 2.592003016856538576e-03 1.871039326858685205e-03 8.454450792596677382e-04 1.200460830702127293e-03 1.368248507710134862e-03 1.568696291361082245e-03 1.542577588937988275e-03 1.250809149771178394e-03 1.844395299993801477e-03
3.309451232227653052e-03 3.253554898104419474e-03 3.283066206340962828e-03 3.750301033937559082e-03 2.975142992915427460e-03 3.247527672479437640e-03 3.296441186651938478e-03 2.844962665230497349e-03 3.288324558711761339e-03 3.422764968894468143e-03 3.230054485117116181e-03 3.603711562977077610e-03 3.338805879016204688e-03 3.125340874225189958e-03 2.987107988534873013e-03 3.155250384693971191e-03 3.469768365748063590e-03 2.952054730991735855e-03 3.730858101544287393e-03 3.348691934107540878e-03 3.135661489876841439e-03 3.189950338323111270e-03 3.171330439992238806e-03 2.957008201760456551e-03 3.199653999468303478e-03 3.333242221041476938e-03 3.344721881441453399e-03 3.544089450104974393e-03 3.169938060969111453e-03 3.296926408749530253e-03 3.172914083534087836e-03 3.202357372152857869e-03 3.149457683486115399e-03 2.886053579862897251e-03 3.395236901085765726e-03 3.390116075603465205e-03 3.091723257183755409e-03 3.497635008329327052e-03 3.145009922962135364e-03 2.972494168093185642e-03 3.140836888259901979e-03 3.137011784593503327e-03 2.643862219130148784e-03 3.068975249104731462e-03 3.177036205770325094e-03 3.471762216968917424e-03 2.852322170429014234e-03 3.889864221609882610e-03 3.559982539574428704e-03 3.308938147664827398e-03 3.476415517377401398e-03 3.328370336691375067e-03 3.133488794689927824e-03 3.815348651922574608e-03 3.076417302810071849e-03 3.540502125406765760e-03 3.528959204809789269e-03 3.170795589545910911e-03 3.221887143460080722e-03 2.919861938184017177e-03 3.229570462490880412e-03 3.142625970902545880e-03 3.313688624826879436e-03 3.062707348409971896e-03 3.180328213849565287e-03 3.213074965850730349e-03 3.327381396528303163e-03 3.550815038081722372e-03 3.142209923483447239e-03 3.328372026095288271e-03 3.081770908310954831e-03 3.103714352568910304e-03 3.202358781838041124e-03 2.977571188918815091e-03 3.562325793357566574e-03 3.411427981552446389e-03 3.116491599599480189e-03 3.403212009317970951e-03 3.227740671693391222e-03 3.598384288733536690e-03 3.264410634762488807e-03 3.213978900446324422e-03 3.085434617956251454e-03 2.654219303090074068e-03 2.966626435257433379e-03 3.643886177287468386e-03 3.582679282977500879e-03 3.293861078153454552e-03 3.016031423350971647e-03 3.265003704752543479e-03 3.097327241909832857e-03 3.503193803670286068e-03 3.714754681063429410e-03 2.938552460609045788e-03 3.603721001785200294e-03 3.234723443599931639e-03 3.479825276152555876e-03 3.238777258576518246e-03 3.533008912562575661e-03 3.232603126207525893e-03
6.715890940320040983e-03 6.635044728274138576e-03 6.345263621185343039e-03 6.686894304559952429e-03 6.663405756404504852e-03 6.369289938156922140e-03 6.494538406986102158e-03 6.307813755021178179e-03 6.369431147289971069e-03 6.378017861818549399e-03 6.542517084818956843e-03 6.875299696823496988e-03 6.580360748452343880e-03 6.429770170293599985e-03 6.648142667706973159e-03 6.393663851643924603e-03 6.612317601008525433e-03 6.575596514275968557e-03 6.612400769167837977e-03 6.365738289897117722e-03 6.346388689585884604e-03 6.744265642514999694e-03 6.693107791313593000e-03 6.800369035385177112e-03 6.529673099157335715e-03 6.670091250798578474e-03 6.558655741108163593e-03 6.494737605946463571e-03 6.618199708193777883e-03 6.511819863169497104e-03 6.457050912501212381e-03 6.845544274287200873e-03 6.664929445578431783e-03 6.593971194854605228e-03 6.690477112795748665e-03 6.424464411016435686e-03 6.611573384352899263e-03 6.727085386998008128e-03 6.388648264965574898e-03 6.702683087283227599e-03 6.354772731730395745e-03 6.622917889531337345e-03 6.439570613184367361e-03 6.706711234087362090e-03 6.437681899718847821e-03 6.582746498556871564e-03 6.602390283375805108e-03 6.600998666745321562e-03 6.467104937142313832e-03 6.519895773003257268e-03 6.628761945000283262e-03 6.509465086390595935e-03 6.562902204809546725e-03 6.481405500186841577e-03 6.679241084135548179e-03 6.620832395961393987e-03 6.589266853489855920e-03 6.444579223227702575e-03 6.505302806927373144e-03 6.633092433144879493e-03 6.456034574864133110e-03 6.549364507842395100e-03 6.391761646422678550e-03 6.566855096223972281e-03 6.380118536324690982e-03 6.660160611353800088e-03 6.658031703512819199e-03 6.594329988239251185e-03 6.363054379256807315e-03 6.607500480724952559e-03 6.794937273760868167e-03 6.470670060823028452e-03 6.911502315776454387e-03 6.389518799449504273e-03 6.354740275535075873e-03 6.435080107060430106e-03 6.448560135922994097e-03 6.644488916947115069e-03 6.442574090085906140e-03 6.635732072947997558e-03 6.553942075647799757e-03 6.656574194562528586e-03 6.489758333458299153e-03 6.222284804466050867e-03 6.292407859994187704e-03 6.552572513616314841e-03 6.597775314801078601e-03 6.531745682850129131e-03 6.773934532162764928e-03 6.713550268745618194e-03 6.413049272173536840e-03 6.610885085851800867e-03 6.726572375612698169e-03 6.653995106176168774e-03 6.316142772175383814e-03 6.270431028770842401e-03 6.558344598091308056e-03 6.586585871435563302e-03 6.770990126385289555e-03 6.405767590834364651e-03
1.232741201866367244e-02 1.181429866844027274e-02 1.251700866697349687e-02 1.215051096296012809e-02 1.239930702680783724e-02 1.234689543214103659e-02 1.235229445943055240e-02 1.215428003243530092e-02 1.228570208489658533e-02 1.252987574482329440e-02 1.236604944047436233e-02 1.217134795327031588e-02 1.221750723002479160e-02 1.227196571450839616e-02 1.216378350941011571e-02 1.206975088194234443e-02 1.224679475867251899e-02 1.219629328764115783e-02 1.211325811268848529e-02 1.252047420764823907e-02 1.244919115173580282e-02 1.244791040214437983e-02 1.233056754886078729e-02 1.215226191983247855e-02 1.229321429000342428e-02 1.225152755259663155e-02 1.251531217069656865e-02 1.219129512024001369e-02 1.240715725167336816e-02 1.224621575328082267e-02 1.248809635377150229e-02 1.190441371880003076e-02 1.228039033227834413e-02 1.246098149657233131e-02 1.222393798085746539e-02 1.229336926028185006e-02 1.208382399871029550e-02 1.217096595600270989e-02 1.237950526112845638e-02 1.228845674905455071e-02 1.226705454785959222e-02 1.252791470989812229e-02 1.227800449857751990e-02 1.255467228037730233e-02 1.260024392158297368e-02 1.251464536224796906e-02 1.218279895891307210e-02 1.227091987668362492e-02 1.231568126745232784e-02 1.203775489765511811e-02 1.216191067480689933e-02 1.208998156573626130e-02 1.216693013846945060e-02 1.223043371837636596e-02 1.223114529994367462e-02 1.227367016612286414e-02 1.219764880809890914e-02 1.250378477217370214e-02 1.231529993684374151e-02 1.259781881476287023e-02 1.236843988712979167e-02 1.226410244965006439e-02 1.234847982072143774e-02 1.223955666938088445e-02 1.234357967359453641e-02 1.237832267732635882e-02 1.229793463810189592e-02 1.231657637580737576e-02 1.194498839554556692e-02 1.239799961889113782e-02 1.250165318283819049e-02 1.219118057487579392e-02 1.263711754803913991e-02 1.212267168906634024e-02 1.225914034169934066e-02 1.214565266514095257e-02 1.235825738472846880e-02 1.220752535156603008e-02 1.253175178576406389e-02 1.222397621169041965e-02 1.200185175503557487e-02 1.226212551187390136e-02 1.223494267925750653e-02 1.249595885390877847e-02 1.201626589127727067e-02 1.224753639566020236e-02 1.228938421674469032e-02 1.223057682990108704e-02 1.227056778190508714e-02 1.205994067482107218e-02 1.228212962695715560e-02 1.241035796614256038e-02 1.233236944723582230e-02 1.243010143619485176e-02 1.268326175732825342e-02 1.229518808746543623e-02 1.214779010546830629e-02 1.257742133160694685e-02 1.227294745566854042e-02 1.230358232506059343e-02
1.903699654623230639e-02 1.975831527741587351e-02 1.894149979822521909e-02 1.990419598870222032e-02 1.916796237842730011e-02 1.905327093798728222e-02 1.938577222552352250e-02 1.937939657962934464e-02 1.922275779079769126e-02 1.901234717635386789e-02 1.983332950343754189e-02 1.973776369988089821e-02 2.027484082110464839e-02 1.895931451540012677e-02 1.989019330164533417e-02 1.909756374028196563e-02 1.932362741266615766e-02 1.994633110312763261e-02 1.950845580616689806e-02 1.920557360725668947e-02 1.915957828200735499e-02 1.944495031755351377e-02 1.942109185393001494e-02 1.908656911847795429e-02 1.898243201397655996e-02 1.914854534737729652e-02 1.902491730848920176e-02 1.906241305733320096e-02 1.944465305906757646e-02 1.933153738732696497e-02 1.904233202466801972e-02 1.919371728600753960e-02 1.910376341532058972e-02 1.888942764945640562e-02 1.924383267679156267e-02 1.911757440044805495e-02 1.922989968009516937e-02 1.925254538991057196e-02 1.884737167047541989e-02 1.940127386471351273e-02 1.925621900305597364e-02 1.923341863907453847e-02 1.943649244641749291e-02 1.909512699915609513e-02 1.945915305803719297e-02 1.991428527555981834e-02 1.936400115235689320e-02 1.929305645714625775e-02 1.904154835297164339e-02 1.950884496918544111e-02 1.937575359945093237e-02 1.950722514340089142e-02 1.917929806051571831e-02 1.912547348042895751e-02 1.972493205032483168e-02 1.947349463005476275e-02 1.932329356564140357e-02 1.932490455817485742e-02 1.935332948837442668e-02 1.931592564420403849e-02 1.973765462927789746e-02 1.960686676105038301e-02 1.905432444947378554e-02 1.956151872661170479e-02 1.915983124446656027e-02 1.946672661735689147e-02 1.953593858925144547e-02 1.949687443742770948e-02 1.903591320650758686e-02 1.919229467115517174e-02 1.941820027269905435e-02 1.974549831904055114e-02 1.911009166697076253e-02 1.945961019280825419e-02 1.963853980443936581e-02 1.925850700390897147e-02 1.935198060237420040e-02 1.936776454998441130e-02 1.957691288835566867e-02 1.932615847301477965e-02 1.935308293235292118e-02 1.973214830208074727e-02 1.960498604044149870e-02 1.899159796641801401e-02 1.954308538863665581e-02 1.930470331119970434e-02 1.913562959423126264e-02 1.916153626232350651e-02 1.916513310588233848e-02 1.957393295624403409e-02 1.915789957958571876e-02 1.923097607776333082e-02 1.948120989773442432e-02 1.945440838462619143e-02 1.969878610925956258e-02 1.942113351437457780e-02 1.953865848065373598e-02 1.921648965157755559e-02 1.939106965671889143e-02 1.932767451323760474e-02
1.405919459321449717e-02 1.430202479180769232e-02 1.426092721795904628e-02 1.423242386904038752e-02 1.401969356090886770e-02 1.419884036571195628e-02 1.399894458498382281e-02 1.409251369585833892e-02 1.420002340223135325e-02 1.430118745475763078e-02 1.437236188963799538e-02 1.428427943228559316e-02 1.412047675037951880e-02 1.441627854412761388e-02 1.418265698287598381e-02 1.400705711712529021e-02 1.429299325868491066e-02 1.415764759286974872e-02 1.464167486748790825e-02 1.440785984791529209e-02 1.415759488259443581e-02 1.442251690142927478e-02 1.411921590679505317e-02 1.461833433604729782e-02 1.421594890992286184e-02 1.358368839770368597e-02 1.430627637300546477e-02 1.426684076981789978e-02 1.460728217618068557e-02 1.423587558126620557e-02 1.420614820051439679e-02 1.431617411966697173e-02 1.415009419952147074e-02 1.419217675325615616e-02 1.451010678392536564e-02 1.436828129121742875e-02 1.417326102841421839e-02 1.390008179705090087e-02 1.445778390638511636e-02 1.399106959461322158e-02 1.461073557674005992e-02 1.448008907198587020e-02 1.431450604989022678e-02 1.404859122635473273e-02 1.442101106172762222e-02 1.425151820891565335e-02 1.436119271455776197e-02 1.425664532215659835e-02 1.470267497272073100e-02 1.406089220000738930e-02 1.447516606603965229e-02 1.417700756430244347e-02 1.411025065463245715e-02 1.419643543824767977e-02 1.463782948409075857e-02 1.437244924280135089e-02 1.448938488755634191e-02 1.460817479663109944e-02 1.451069578807711973e-02 1.428030338364096735e-02 1.391227907574348575e-02 1.410694034513376889e-02 1.403378971550742552e-02 1.435289209274642069e-02 1.411410798282573299e-02 1.419732113590437515e-02 1.386038113597438080e-02 1.448276554160981243e-02 1.408768605455032463e-02 1.451699035665997284e-02 1.449341046139198536e-02 1.381197177516262087e-02 1.452203740300774155e-02 1.432584837723753848e-02 1.441937697553438008e-02 1.438137092221545253e-02 1.477638919219027500e-02 1.441909036371968357e-02 1.441312215037818950e-02 1.452980138712395980e-02 1.398445589795852158e-02 1.429842742129814291e-02 1.407128703109691674e-02 1.420867324613298358e-02 1.405485697215162928e-02 1.419748080189767343e-02 1.402157302812065583e-02 1.455734694949663288e-02 1.435320179871628528e-02 1.444404480572044659e-02 1.459977410281100216e-02 1.430415137816639683e-02 1.429641432558910116e-02 1.423406491868363724e-02 1.403532571899580861e-02 1.407259303952323841e-02 1.474859101698373053e-02 1.460622859094272766e-02 1.431777111361271990e-02 1.412674832788656659e-02
3.721824975622874902e-03 3.674267719504239766e-03 3.725853980308999665e-03 3.788930151570266570e-03 3.741675681370509789e-03 3.743180281122299950e-03 3.753693302471348102e-03 3.789513625135233939e-03 3.767972165708995212e-03 3.766514209939154489e-03 3.716471878634156154e-03 3.800119345808056909e-03 3.740293975350074147e-03 3.634775245380199478e-03 3.790274025739358288e-03 3.688074075512481637e-03 3.720885958060874289e-03 3.711504951197069045e-03 3.722495312737761179e-03 3.704263579711204128e-03 3.773499886365231683e-03 3.746230660204390855e-03 3.752742292391608638e-03 3.631097776957109991e-03 3.677245030439539337e-03 3.707626695154221837e-03 3.727455401080160581e-03 3.671300656173778678e-03 3.764825330547024070e-03 3.745212680601554649e-03 3.752940609934965564e-03 3.754306064702612415e-03 3.700855971142033834e-03 3.749463290391551705e-03 3.672728067183838024e-03 3.694789174724872564e-03 3.745849914438148780e-03 3.749724634411941235e-03 3.807050234434796853e-03 3.791198507107036014e-03 3.728470393704758686e-03 3.747186570479999618e-03 3.692891759888359497e-03 3.762500296727157821e-03 3.690319789986240984e-03 3.711294598716418421e-03 3.688395282946926000e-03 3.735654391292148567e-03 3.764823622258081041e-03 3.691438938931296005e-03 3.685184369241653948e-03 3.692570498666986230e-03 3.774104085593635392e-03 3.760474057604315176e-03 3.733945027944165010e-03 3.720338323397790001e-03 3.726532588554205654e-03 3.719990403955225882e-03 3.802685846544941010e-03 3.685763433388041053e-03 3.731214633217953824e-03 3.731172189875877655e-03 3.724893370634252410e-03 3.687795860995483899e-03 3.670925931907161911e-03 3.762625599358544910e-03 3.731853083563280681e-03 3.683188120814380635e-03 3.639199535291392455e-03 3.762548942411424180e-03 3.775987804878643949e-03 3.688697661862835701e-03 3.711598506650348392e-03 3.690367693615251993e-03 3.653812907869001970e-03 3.722686587991547169e-03 3.653211126007867727e-03 3.802092650496107906e-03 3.733340373991010826e-03 3.668118785718979188e-03 3.783038762916029248e-03 3.697127728824839161e-03 3.740831666729691005e-03 3.783590808066125168e-03 3.756796554868096962e-03 3.733249869345756089e-03 3.763563885376413828e-03 3.714916023550556869e-03 3.669252004129352693e-03 3.624793560239683056e-03 3.751359311325531010e-03 3.731049875602065417e-03 3.786980342418474772e-03 3.766506010204689284e-03 3.759852000586119420e-03 3.751430832786095768e-03 3.688764597059990182e-03 3.706719545383433106e-03 3.737061448912544145e-03 3.729186307260405706e-03
