8.077762560599752867e-03 2.713584576015684244e-02 2.438982211417219798e-02 1.679896824732195551e-02 2.111554841301993557e-02 4.560113839156589716e-02 1.750546756929374087e-02 1.431763812596549383e-02 6.412919109828369921e-03 1.634727896326248694e-02 1.584474991127253832e-02 1.029409162275673681e-02 2.111554374109181689e-02 1.794247491067356773e-02 2.706757832378502149e-02 2.195920402790898021e-02 1.384729198417485388e-02 1.127039942945021363e-02 1.002044971677032784e-02 2.241324955052915319e-02 8.651031567207782477e-03 6.309774790521045958e-03 1.511181015605120130e-02 2.111556055459058723e-02 8.570330768755761441e-03 4.383659701144169279e-02 1.191966243394129189e-02 1.326931264166726805e-02 1.097245836797488931e-02 2.345916270563399783e-02 3.051744121580429389e-02 1.477768118818300301e-02 2.111554842232538434e-02 2.111554374109181689e-02 1.441647676434671191e-02 2.812065716284430084e-02 6.919723613220780598e-03 2.086142560163561574e-02 1.381748507321844954e-02 9.815259155126543344e-03 1.163434794231342495e-02 1.832363989689488395e-02 3.818832603072234294e-02 1.532368144107925864e-02 3.588745294884003456e-02 1.191458621782829491e-02 4.188340188071447423e-02 1.926772613433323442e-02 2.111554374109181689e-02 9.473512166628360320e-03 2.442647922413401437e-02 3.930358491858671616e-02 2.978033487140737887e-02 7.245773599738812923e-03 1.226172995385798464e-02 1.482705307168663209e-02 3.526569865916839852e-02 2.111552623080837146e-02 2.062998165570997799e-02 1.099380854617809655e-02 1.005719165858941049e-02 2.327250702320412395e-02 1.705872699101756984e-02 1.918749288524881566e-02 2.111555694697381594e-02 2.144812044996402545e-02 2.111554374109181689e-02 2.723433564248122635e-02 9.987850308356955795e-03 1.674319462310937950e-02 1.040082207499347031e-02 1.374243821020784337e-02 2.111554374109181689e-02 2.423245659435403418e-02 2.002726909031093266e-02 1.638198291166452839e-02 1.763289657999309035e-02 1.265636429575036671e-02 2.094612869840259059e-02 1.580815156817954800e-02 2.687568164924921538e-02 6.280476005923998385e-03 2.111554468905575341e-02 1.867129766765089974e-02 1.087561296173092558e-02 1.215978889795749432e-02 1.558694715456576153e-02 2.457849459796958291e-02 1.086990705689277331e-02 1.589910270088929628e-02 2.111554282814191025e-02 8.783344877910537890e-03 6.927192618384943497e-03 3.110309512978851401e-02 2.483313497629372271e-02 3.120855949018114597e-02 1.491714714337440476e-02 4.279566098492709747e-02 8.883964772534808096e-03 8.399839973748596603e-03
4.598687240698722846e-03 7.639749139037479812e-03 8.426164561985079876e-03 1.476807117848313172e-02 4.210179605461117532e-03 6.029027626960958147e-03 3.593416081809991391e-03 1.231954677895116118e-02 9.219275565534272923e-03 4.492844334085309074e-03 4.736612105514943424e-03 5.129846798137182619e-03 8.528267463720260941e-03 1.328270297409511747e-02 9.810433541341105970e-03 1.056482003931021735e-02 3.546323825919578052e-03 1.544916564635637896e-02 7.259992480815173968e-03 6.879212895343982115e-03 4.722762457411338981e-03 9.963695877583889082e-03 2.348203473993846005e-02 1.318863615356557009e-02 8.110857872470945279e-03 6.094816389487767855e-03 4.002799674985805557e-03 1.116243104217193999e-02 5.182817574761472944e-03 8.093864869821549082e-03 1.164462017761393881e-02 6.279769346062094061e-03 4.441027053408425421e-03 6.430689420687770060e-03 7.801006424789900390e-03 9.794554127126499019e-03 9.881364394084185543e-03 8.932217341987087195e-03 4.398241964264313145e-03 1.001583391437237819e-02 6.476605582261326689e-03 1.003296248948663295e-02 8.070219505557075373e-03 2.215492744393473060e-02 1.043123951202602762e-02 6.874621459474871375e-03 8.687509625388490503e-03 7.404626744750875643e-03 5.726615296964306448e-03 8.287660845230238743e-03 1.530172853889193683e-02 6.180919788281292668e-03 9.860969225132420329e-03 1.231254166542279649e-02 9.729685478289078551e-03 2.228119861714123739e-01 1.063981149996717432e-02 1.348200582881226538e-02 2.148456770976001767e-02 7.469620822150425596e-03 8.121341317118647984e-03 1.421600578079329838e-02 6.328504082403946934e-03 1.936849522156743053e-02 1.078655224237322699e-02 6.749170781590243563e-03 4.488865744185221995e-03 1.057791987002541616e-02 6.470204345214438865e-03 7.420885265562819459e-03 1.397808973759490092e-02 8.181984356915514289e-03 9.160508487476784131e-03 8.244086760853213194e-03 6.309862890079186853e-03 1.084150802744084791e-02 7.968250107510524427e-03 7.110037677940494148e-03 2.779668805914716628e-02 7.482427970313118744e-03 6.515693770981838620e-03 1.144727648495994822e-02 2.700995258388259532e-02 5.616593984851983405e-03 1.469490449189985587e-02 3.645777795394037745e-03 9.270489037226707640e-03 8.202120762592534503e-03 3.948996747763276402e-03 9.589253149467723628e-03 7.819551041508254405e-03 7.415156150672483903e-01 1.167588473152253968e-02 2.455166102244037141e-02 1.499102139957099109e-02 2.054674424504112848e-02 7.767941542601851899e-03 1.049421026553454608e-02 8.936632812677093932e-03 1.180314532269843321e-02
5.852352571278850515e-03 3.365550813051488253e-03 3.454510827977631815e-03 5.036895856435249542e-03 5.589104253882663277e-03 6.474501398157236909e-03 5.587466356050013391e-03 5.294238129825875466e-03 6.451298750763644237e-03 3.672824410932306292e-03 4.975820481937400300e-03 6.220148831081064207e-03 5.391946388006847897e-03 4.652196288838528551e-03 3.856763282788159674e-03 2.798586478275611432e-03 7.063170716900876896e-03 3.944875110483094492e-03 4.299721499264655931e-03 3.102382271025360891e-03 1.360234353404576185e-02 4.998332878979224771e-03 6.538031762373667372e-03 2.979647282265374900e-03 8.873025052532361370e-04 4.434620435799590220e-03 5.040596944547873562e-03 3.610298790516290948e-03 2.967952279830560897e-03 1.155444959710242962e-02 6.695282418112218775e-03 4.824160397686565183e-03 7.457638153256618274e-03 6.904554045819233203e-03 8.441499447934409928e-03 4.248616137016626541e-03 1.044107081397821490e-03 6.566570434105549123e-03 5.966215067967659685e-03 8.952700595549586277e-03 6.122145240233595014e-03 7.394651174743376368e-03 5.965838399547045839e-03 5.824673893121306775e-03 1.103330577474272330e-02 7.143910513213211355e-03 1.090343111764516433e-02 5.147027682971268281e-03 2.903620738623465761e-03 4.780506829593694426e-03 5.634168883058272501e-03 3.152527730030429791e-03 4.191507888366388830e-03 3.227449740872196781e-03 5.487638986131648106e-03 4.737151624724161500e-03 5.336450483592241299e-03 1.103120243191783867e-02 4.720567869626715422e-03 1.433590971906415282e-02 4.473898164580045363e-03 3.316669012427121786e-03 3.366314096675095905e-03 3.797523362365343158e-03 6.066107302523005181e-03 4.100177277284703867e-03 4.432887596604103732e-03 4.706900569304856702e-03 2.190130438696503805e-03 3.143174023527030899e-03 2.887225314195739946e-03 5.682931934162966173e-03 6.507848836334779313e-03 4.747599264310829216e-03 4.035405476103607648e-03 4.576320353219765977e-03 6.275113354153905552e-03 6.115341043271623096e-03 5.018427225236580906e-03 3.307202927825975743e-03 1.126855838257227738e-02 5.252002489659610140e-03 5.015213274561539439e-03 4.566189374676177248e-03 4.698479743768396028e-03 3.180591634739281508e-03 7.803287924844212395e-03 3.221372241394494795e-03 4.722610734982613315e-03 1.981450974263707521e-03 1.162605308076800591e-02 7.496712759486552635e-03 4.836701706471571022e-03 6.951633533915029840e-03 4.482993942714914165e-03 7.718667909505250863e-03 6.422144471321463918e-03 3.608586856063187784e-03 4.571377458801982249e-03 5.741158799350777955e-03
3.444881388584737636e-03 1.800729312399103159e-03 7.308002095381209082e-03 1.962937988762120892e-03 3.842893782395632660e-03 1.634786593357471932e-03 2.646326955844843006e-03 3.996169581485649498e-03 2.523579980586998506e-03 2.982874333701563286e-03 4.490238284668682418e-03 1.999928448533183460e-03 3.163888808409211651e-03 2.725511732601459004e-03 1.890955828332690136e-03 2.250365166921601372e-03 5.401654606765200241e-03 3.540537468282102616e-03 5.090460177303064368e-03 1.901715590017278093e-03 1.362672134273748255e-03 3.150529799309403391e-03 3.999998276660914932e-03 5.189540693392809614e-03 4.311653535118501086e-03 1.254502610030866971e-03 4.035432284410767761e-03 2.570316040154081022e-03 4.584292528946185691e-03 1.094810198459064817e-03 1.677468020002329972e-03 6.743688962208989855e-03 3.266666599702930211e-03 2.315066337110288641e-03 2.496919431129083176e-03 4.056425156851633032e-03 2.903842170695319653e-03 4.182069497247123749e-03 3.896081864801633540e-03 2.993011537025191092e-03 2.085800337851257454e-03 4.294144648824798315e-03 3.929477626573819535e-03 2.331955981341942742e-03 4.597977479281888970e-03 2.804624557313508629e-03 3.181783325791455539e-03 2.591656231404084604e-03 2.837146711979881327e-03 2.700124173846133596e-03 2.645035632120513059e-03 1.528145039876043290e-03 3.266435592124566651e-03 2.305242679974066518e-03 2.759489165712894748e-03 2.263295922840313085e-03 1.717533367046937369e-03 4.189650765119093574e-03 2.596824186144135876e-03 2.176449477784890216e-03 1.345294430568321365e-03 2.527655385234295164e-03 2.515152439981043885e-03 3.411627976342924886e-03 3.390091871287200399e-03 5.195684986046930631e-03 4.036596694579971598e-03 1.897570061319235396e-03 3.221300125545968444e-03 2.471375368716324881e-03 3.759342181981540666e-03 4.203149311552020935e-03 3.417705876862813744e-03 2.658956200669217000e-03 2.535957838377867705e-03 1.902868568069014622e-03 4.722245718992068055e-03 2.284543271820775948e-03 4.114948649838530426e-03 2.483741299948482965e-03 3.018591686504041704e-03 4.123392317720291078e-03 5.618225245748992465e-03 2.303861388043608894e-03 3.659993311462568250e-03 2.391164759858236538e-03 2.237729427014883456e-03 2.748008028099540624e-03 2.684439427212091493e-03 2.188493907332880826e-03 2.117075913448918448e-03 3.415553352034710402e-03 3.578031286396578942e-03 4.156386690784810191e-03 1.326100430194862567e-03 4.378858768148426173e-03 2.177007604984225811e-03 3.503324984719895837e-03 1.514338073312700801e-03 4.791313324060355976e-03
7.051919937018919079e-04 2.641239951526984028e-03 2.219419673040932701e-03 2.324401498347015808e-03 1.783223988922646910e-03 1.476878523599143905e-03 2.616730881954846665e-03 2.620668946160968626e-03 2.042640685682136151e-03 2.938917121352951217e-03 1.371576953927987385e-03 1.696825708887256083e-03 1.191355115214273947e-03 2.388969115061178802e-03 2.282497343365466353e-03 2.509412510133712977e-03 1.547105482313970888e-03 1.842323015666570999e-03 7.962895889998472055e-04 1.832105125747242585e-03 1.587709166631346390e-03 1.110959956221338127e-03 1.535941918146562770e-03 1.941332631439485158e-03 1.575486142430785122e-03 1.252222260527872163e-03 2.445549514458181337e-03 1.016233865202487412e-03 2.150338112471457397e-03 2.298953266584790982e-03 2.252853171067500850e-03 1.945452668599192362e-03 2.210845155161787843e-03 1.253517941963065057e-03 1.182259856712387838e-03 9.574150810926457082e-04 2.181153404584598374e-03 1.584317808406072135e-03 1.385737506321592458e-03 8.667609660312483241e-04 2.876245340402042421e-03 1.330743074569364472e-03 1.706210370184833413e-03 1.121680130920384025e-03 2.767242063600630891e-03 8.095431844816845107e-04 1.203083599264959678e-03 1.665487363241117307e-03 2.208440905570635722e-03 1.031153650013455101e-03 1.145870245048348154e-03 1.788063719037465745e-03 1.569907343601101291e-03 1.116163564852043922e-03 9.265820465164007706e-04 9.833635240830804203e-02 1.637432274945468166e-03 1.606329514034697059e-03 1.558574379111948068e-03 1.355197824492072314e-03 1.288826559653015848e-03 2.961636618950534618e-03 2.473085584723251455e-03 1.781846559931460480e-03 2.434328314599089327e-03 2.012429146558229569e-03 1.793773583328608315e-03 1.526043985515916418e-03 1.562179547768556553e-03 2.270405832225812215e-03 1.016034208839639670e-03 2.827070289693165827e-03 1.657204765817408849e-03 9.612005727617097504e-04 1.365900769784934334e-03 1.325622878325930475e-03 1.600436873716135468e-03 1.409501796948476899e-03 3.055865686461286743e-03 2.000672858511274438e-03 1.299054847821879115e-03 1.057931699350420475e-03 1.376575217527933707e-03 1.264884891872039736e-03 1.865473091480361134e-03 2.216867151096462568e-03 2.165953934591431131e-03 1.721688604735544057e-03 1.437795546393959767e-03 1.728001983929900072e-03 1.423328781876548495e-03 2.232850559900919664e-03 1.786991112789756194e-03 1.010730345946574821e-03 2.221469058008587738e-03 1.250718495347917904e-03 1.272438951605944302e-03 1.752380132111627624e-03 9.079862055641732717e-04 2.318828848293706755e-03
8.152383806126858217e-04 7.639746613884870014e-04 1.081712572515907377e-03 8.285525805044293346e-04 4.103077323400876612e-04 1.114005981961543055e-03 4.370765223850293858e-04 2.260778570891672820e-04 9.827792271621834091e-04 8.036258207760138637e-04 5.853921923359257321e-04 9.573403719774697604e-04 2.471442299803193248e-04 5.870925144729989206e-04 2.714427965328774107e-04 7.034195412699470983e-04 1.289891897739777306e-03 4.883978689965081136e-04 5.300945301463716236e-04 9.203217930107827861e-04 4.275975636661567109e-04 7.514021514606545379e-04 9.564276002989321275e-04 4.635222608302330747e-04 1.068372208667139065e-03 1.416248635375734173e-03 1.110226067519121552e-03 7.107172803477629407e-04 9.922885573470266278e-04 5.892325429647038773e-04 5.486452999880434694e-04 7.589469644921799504e-04 8.063669981409006451e-04 3.506243078673985220e-04 7.060941564891978946e-04 3.049570694004579969e-04 5.098634707703666395e-04 1.491550850222342741e-03 3.127774324346475833e-04 5.986584136642174227e-04 5.932635103848747865e-04 5.552630178990029851e-04 5.421541761705993626e-04 5.685562367128457317e-04 7.853330019206509593e-04 1.581432794807876652e-03 3.465335128027994074e-04 5.318068227132395588e-04 4.551240326494004375e-04 9.397206340816711837e-04 3.779125421263537332e-04 6.665190532176202718e-04 4.386002876019562294e-04 9.851810237298515380e-04 8.634120413566403682e-04 7.281170395502244456e-04 2.860057039948538235e-04 4.336313525919501259e-04 7.047070841809670479e-04 7.118888973481829951e-04 8.411053940788144802e-04 5.589436506850384073e-04 6.909317463667347895e-04 6.727051070177873229e-04 8.046956474816469853e-04 3.728249586712499217e-04 6.410357692684779968e-04 3.712599956774724681e-04 8.943280920662335497e-04 5.558934263696136725e-04 9.450289016338155610e-04 1.008641100754068725e-03 6.376912865816510055e-04 6.196853705001732120e-04 6.226107572474836888e-04 4.556124514444533135e-04 4.256704779227699444e-04 6.283932982171102797e-04 5.493324893461055524e-04 7.980070279631491488e-04 5.116268645236637545e-04 7.629648530696933172e-04 1.088712217061696234e-03 7.292451704964150565e-04 8.685737629120100214e-04 6.822680160161055229e-04 3.982685394899692071e-04 6.312592285453634154e-04 8.747804308515499906e-04 1.049896547591401726e-03 1.189104736323390353e-03 1.164130549959498280e-03 7.305171749332217430e-04 4.964459985626137623e-04 1.096831948220247481e-03 1.088710752686032970e-03 1.304569102999212672e-03 6.237324736116640986e-04 2.952838209316670172e-04 5.343804371962127073e-04
3.091034766625652924e-04 3.279021924122192200e-04 1.832793688402739748e-04 5.844732227372280344e-04 5.894546977528055103e-04 5.016777514520667650e-04 1.975656540357442878e-04 5.732915495822482783e-04 3.055246776942524382e-04 7.237495952577715531e-04 4.265815266097267326e-04 2.756438517846327395e-04 1.820477557993974464e-04 1.766161714556012537e-04 3.494401104015572692e-04 3.725810880475688858e-04 2.738616525388843899e-04 1.372745209941365809e-03 8.147998127871912324e-04 4.282968601242135459e-04 6.497513580742447954e-04 2.313068106435352603e-04 3.233831922604536008e-04 1.744514130981890117e-04 4.409680107988874702e-04 2.343314591508368478e-04 2.309703717980112077e-04 4.021995603265871065e-04 5.121111650077521350e-04 4.221849030654985018e-04 3.536825152076079328e-04 2.972182796114824317e-04 5.223231762700369712e-04 4.284213978925085022e-04 4.118597230521148602e-04 2.591087744256832760e-04 5.313334377065825030e-04 5.986015680458947564e-04 2.906261060438059441e-04 5.757187359691825351e-04 3.797722102143439335e-04 2.269791102104407726e-04 7.526168752076268630e-04 5.695092221298566617e-04 3.091027061838113612e-04 1.419629172882577825e-04 2.638256687886322512e-04 3.549420904191742275e-04 6.651811147954495539e-04 3.350089635066806648e-04 5.065582464614028788e-04 6.508006665460927239e-04 2.648600375714112685e-04 1.138124664891227485e-03 3.423037101183077626e-04 2.909983435980221535e-04 3.246140082077482079e-04 3.278319576878543657e-04 4.540417883657467879e-04 3.712707096365834786e-04 3.032342521349812325e-04 2.493860998879949978e-04 1.234875231671661968e-04 2.617394284313230069e-04 3.114855324957423416e-04 2.358298914883077708e-04 6.918178072807720227e-04 2.779199381980684488e-04 3.304411559794527727e-04 3.769211797550650047e-04 4.209229477984751809e-04 2.715171719276018034e-04 2.552280637940069455e-04 3.592981119749464334e-04 6.495308800423257390e-04 5.978619890465628438e-04 6.188080629544392844e-04 4.714702623928805733e-04 6.445164082860815186e-04 6.547089952526720987e-04 3.481683331889182868e-04 1.097343136672391584e-04 4.256546386819527305e-04 5.121848978772195696e-04 3.682119133414976089e-04 4.340088551420449533e-04 1.780436514937049205e-04 6.608984939892309637e-04 5.813540696976793407e-04 4.461208482246134771e-04 4.598239674137731591e-04 3.164246956008049750e-04 7.638840461545357528e-04 3.507248608550148886e-04 7.196571095550143233e-04 3.941152506190278670e-04 6.488430276107060067e-04 3.685834501300356940e-04 3.084010728517468558e-04 5.264964605997292510e-04
7.419125496293738683e-04 3.356542507841690478e-04 2.125556622685471995e-04 2.262953884772786668e-04 5.387702987441379820e-04 2.904367487337956486e-04 2.480249936296458567e-04 1.463839364707808424e-04 5.316293975186253727e-04 9.093042543839928134e-04 1.264635171914860071e-04 1.792682481183723974e-04 2.537178546892406429e-04 1.956270733993279592e-04 1.260654201077281665e-04 1.586883965430191878e-04 4.018219112936066706e-04 1.237242173249362553e-04 1.528341629666667395e-04 3.873082071322556282e-04 1.303633386604498745e-04 7.063183892554191802e-04 4.670878462548313289e-04 3.772503721788820954e-04 1.518893623637568345e-04 1.711104413271047234e-04 6.130808793866262402e-04 2.543485258110142477e-04 2.648963518393715813e-04 8.193058466219199122e-04 3.581954368983552303e-04 9.087239113389980341e-04 3.244157872839993758e-04 6.278385752171045543e-04 3.777350017024018653e-04 1.586613823617300239e-04 4.425618658703943799e-04 2.657106962318585178e-04 2.810226579574593157e-04 2.299067895514366453e-04 1.950724448810559498e-04 3.489343525375996615e-04 1.795095205939068015e-04 2.657765267470295779e-04 3.313169888925118875e-04 2.107107969421590952e-04 4.215440821568291248e-04 5.685347327359520885e-04 9.390102670812643278e-04 2.616799999392067531e-04 4.004373805986144886e-04 2.941712909460489096e-04 4.662555557489290277e-04 1.076993887307026567e-04 3.394456794892655943e-04 2.414202218156837434e-04 4.512463638266430571e-04 4.487510380424098800e-04 1.607125774770126628e-04 1.692903356299194193e-04 6.945528974716182625e-04 2.587382720464517739e-04 2.111684063788851003e-04 1.909450968726700780e-04 2.591343391997379618e-04 3.727817927582203778e-04 2.468339648159654696e-04 6.688176550825665782e-04 2.354228955205045634e-04 1.418371481578242430e-04 1.496763340155655671e-04 2.164507206636053188e-04 6.216714195072291574e-04 9.519580171386528376e-05 2.776320242698481627e-04 3.013572088491802813e-04 2.667220655842106954e-04 4.016199075903280650e-04 1.518965190833692757e-04 9.026806849361384026e-04 3.272807257359316882e-04 2.132207197428325754e-04 2.894648792875193334e-04 3.272813029650925879e-04 5.375979728200596525e-04 1.830351668712869285e-04 6.583586200218644990e-05 6.008892666611722689e-04 2.828363907010793591e-04 7.113029799213795284e-04 2.434217019774910409e-04 2.727553358946057630e-04 1.883807489777272054e-04 5.161775288521415917e-04 1.435402550296776582e-04 2.327519776094723596e-04 3.435240669551364759e-04 1.224634347595145319e-04 9.608610849534806935e-05 3.811552143991525578e-04
2.566354435714351826e-04 1.073968112351768664e-04 3.183590319380829757e-04 1.002013711809893312e-04 3.349157146495412331e-04 1.913147182259875186e-04 1.786400136913266748e-04 1.247579907012470843e-04 3.359363274258038673e-04 6.648444346890807573e-05 3.157065616502201092e-04 2.972418115279135630e-04 1.328484112584815062e-04 5.427866748958892187e-05 1.903353041358361712e-04 3.215423816083685677e-04 2.772561162398982709e-04 1.758218978067338197e-04 1.128613263373716245e-04 8.135631353883732045e-05 9.442281689172547223e-05 9.000575528593216152e-05 3.426536546771904708e-05 9.726610500320339800e-05 1.310368742908515861e-04 1.297801126541066590e-04 1.096069013117701666e-04 7.607643703004050135e-05 8.896072398981272377e-05 3.591455538069933786e-04 1.375996519688656356e-04 1.297867550853419160e-04 1.259002985551352285e-04 1.075118072382315353e-04 1.744587536260293142e-04 7.110480497870166720e-04 2.821116585537629916e-04 1.401378130285206233e-04 1.832305446397909958e-04 1.539929828415429998e-04 2.869951894275109619e-04 1.459975573481562660e-04 1.126563413945366775e-04 1.096791903701577122e-04 1.153628525752482180e-04 9.836409823875989571e-05 2.420535388487541587e-04 7.567609447779387289e-05 5.938220304185903701e-05 4.581914043810502292e-04 4.972789911430195234e-04 6.439828784322672761e-05 1.028935050632675407e-04 3.195067480212081257e-04 8.018713776173063551e-05 1.005768961488204955e-04 1.197916160274552352e-04 1.937260620701966335e-04 3.841002667065370217e-04 2.705374046788753184e-04 2.968822354435513683e-04 6.897044838387458377e-04 1.306835322862452545e-04 1.387317731866186631e-04 1.048010131053330910e-04 1.358942772444510401e-04 1.933557966282913900e-04 1.225012330156339537e-04 8.031261417239660128e-05 1.356897135158100561e-04 3.214916925012493531e-04 2.514330248356312354e-04 1.556334110170861078e-04 2.858934720952112938e-04 5.220651809412062963e-04 6.359914200140506964e-04 1.433040279131380778e-04 3.992663756978951121e-04 1.776099694108973265e-04 5.941784408409768573e-05 1.166203187722814982e-04 2.861800654332192551e-04 2.258296682546766200e-04 1.305855920207039283e-04 2.359107802042278664e-04 3.361061568686287337e-04 1.248548712619956358e-04 3.190170327800131858e-04 1.953006799130756600e-04 1.344488301450375207e-04 7.045347478152658074e-04 8.070181595773727500e-05 1.617383353095648113e-04 3.676738907960709147e-04 2.602605874756445253e-04 3.290955608154723551e-04 2.712169762825677143e-04 2.312778041225274639e-04 1.480106637158885516e-04 1.811036997794203407e-04
9.601740816634878203e-05 1.896696745108713243e-03 5.444725314887195180e-04 5.030612335322163110e-04 1.181317953475085865e-03 7.027196632669734946e-05 2.591783584181191766e-04 9.613416511793965342e-04 7.418491495940100766e-04 8.642065014457887134e-04 3.475374919007582207e-04 1.140138229197651919e-03 1.077136256095885189e-03 5.932711347994113578e-04 1.836468258418352210e-04 3.354090258396259577e-04 1.886564417902048061e-04 4.753919674931006379e-04 1.560673659747339494e-03 1.303246371532712890e-03 9.475527001604071341e-04 5.448675994822492008e-05 9.453239748518961223e-04 3.707669853598072243e-05 3.030782286177722022e-04 1.477021585252076422e-03 1.176415732614455312e-03 1.373979861244477643e-03 1.063385326569250074e-04 3.988606458592932518e-04 1.422353713856299925e-03 6.512170648096033722e-04 4.815257925180024042e-04 1.052990524946953053e-03 7.841470672657880475e-03 9.879468145116848416e-04 9.588487167996731031e-04 5.415966385700032816e-04 1.297692011236884716e-03 3.260409122101418306e-04 6.490698860393240527e-05 4.707835745420580896e-04 7.726391254177336935e-04 9.813209365124664699e-04 1.359290502766462121e-03 1.456757463766769655e-04 2.133813734734955198e-03 4.396381475723855261e-04 9.431865891324020881e-04 1.016260950999049641e-03 7.755238376920184752e-04 1.302261615180284405e-04 1.258932272125270384e-03 1.189944650985890699e-03 1.350523072146533063e-03 3.197201848018741159e-04 1.204577133684266426e-03 9.748093947728955636e-04 3.413223652202684389e-04 1.883878274063855232e-04 1.978659705509882953e-04 1.183514858391984973e-03 7.936418972844959310e-04 4.226206496923779832e-04 1.289534312016478359e-03 1.528030436520100765e-03 2.099250281486385837e-03 1.841420261805369780e-03 5.623871028518542386e-05 3.196318469867508259e-04 8.697297045446900250e-04 2.776143372020811739e-04 9.571011746657148581e-04 9.382401091608546064e-05 1.161203973168091659e-03 5.137042639204543112e-04 1.250702648575553527e-03 6.431108571987876601e-04 3.747789032151699015e-04 4.361177343855836752e-04 8.487657576774963958e-04 7.884200965713233835e-04 2.448520819633868625e-03 3.915690498212508891e-05 6.084452337125805313e-04 6.449912178501284853e-04 4.732011668162521348e-04 1.823450879310276832e-04 4.280086529079846886e-04 4.025461960168002758e-04 1.390298342437525916e-03 3.574555695947229626e-04 1.091538531305518973e-04 6.881320723153806166e-04 9.578887800529393981e-04 3.045009056928733209e-04 8.400085090238128445e-04 7.478579190492690805e-04 8.521903745158887987e-05 7.102353683533374484e-04
2.076692487111778812e-02 1.112272911018718363e-01 1.168446455090649434e-02 1.232029579002589526e-01 1.693353880476046545e-03 1.828358062396284733e-02 1.113368461892836198e-01 1.541349685687886523e-02 1.254604583271668253e-02 2.251451765461167931e-01 1.526931352321960443e-02 2.018951081274688794e-02 1.067293592519373037e-02 2.056078405269648468e-01 1.094942336461745061e-02 1.327469968532114519e-01 1.075995168785583503e-02 4.898174429852414358e-02 1.232264135304169186e-02 1.111032158122975816e-02 1.171407933278512982e-02 5.291170363808399627e-03 2.220935608726075372e-02 2.112240918803734435e-02 1.244052950111596001e-01 1.156691450379271000e-02 1.168147569644132841e-02 2.033992446912692709e-02 1.180640565924970936e-02 1.121364901129472645e-02 3.443022620034277836e-02 1.094475117628082236e-02 1.107728529432883136e-02 1.175797888829211921e-02 1.101000721420269078e-02 7.126823036875759576e-02 1.085441951653327158e-02 1.165612775834894664e-02 1.870079170013978082e-02 1.275525769724822692e-02 1.118161442014467891e-02 1.282255439129142277e-03 1.872832297511421717e-02 1.091639594844798396e-02 2.141248669944790378e-02 1.168454911267062177e-02 1.249346857494008922e-02 1.729586302385044405e-02 1.175995986597275916e-02 1.263157096087309285e-02 1.924023329596740925e-02 1.170323575223583545e-02 1.098410218568046486e-02 1.178838201427309315e-02 1.185617074829723935e-02 1.176342419248880070e-02 1.124841117051693720e-02 1.944240779692014975e-02 1.127120330267120454e-02 3.186413556713357798e-02 1.098970557434754067e-02 3.189456239865263521e-04 1.168036898789253687e-02 3.106722402889769072e-02 1.230954679136023362e-02 1.136029509711010757e-02 1.432930314317962597e-02 2.088433023311514480e-02 1.191048232390085754e-02 1.087453432237546480e-02 1.193777251930921816e-02 1.071498766941826608e-02 1.106322273989467954e-02 1.321792710818429223e-02 1.679384426298204669e-01 1.234395067086063898e-02 1.086701414442911399e-02 5.087027968263935912e-02 1.155603480693037644e-02 1.358051921624418151e-03 1.114334140937606882e-02 1.109499877278366520e-02 1.154679984933107938e-02 1.774410834360361233e-02 1.301204749029798505e-02 1.167952372142288392e-02 1.100852521495811545e-02 1.122116365842176777e-02 1.965835269439453886e-02 1.097456781657485392e-02 1.108335228587808627e-02 1.117212780670691873e-02 1.094424447719234347e-02 1.104659677005966414e-02 1.161659528200167848e-03 1.125092519237805462e-02 1.162261255163112884e-02 1.230331991263774322e-02 1.093790892087060512e-02 1.155625612875899738e-02
