1.461201654351507173e-02 9.517310474952819441e-03 2.111554692214626106e-02 2.242572853159407673e-02 1.585656410440480085e-02 1.793679646791295629e-02 3.057120754935472098e-02 1.147293607732606351e-02 2.111555559930785447e-02 9.999489364134556135e-03 1.641557144965395676e-02 2.437434401002810599e-02 2.541581546833971902e-02 1.848241050996835000e-02 2.111553033927329737e-02 1.817385570332782918e-02 2.658547692113965785e-02 3.275527519711544239e-02 2.674930226769825850e-02 1.948753983462767070e-02 1.822826633885071823e-02 7.633066091699947098e-03 1.294121980082271230e-02 2.086730284136872199e-02 1.063739327291713006e-02 3.316928756132828116e-02 3.376939548717801387e-02 1.335631008537901086e-02 2.125995040938651742e-02 1.891708984149990599e-02 4.298644297109612683e-02 1.755425063248767723e-02 2.645476269937681313e-02 1.319394548702267599e-02 1.410295373436920401e-02 2.009635780703406677e-02 1.778328187938360561e-02 2.111554374109181689e-02 9.176743741674828550e-03 1.931195391097123570e-02 2.879432393943610544e-02 2.765626791309141325e-02 2.111534295330525293e-02 2.111554374109181689e-02 9.108417603449936450e-03 1.400317510297793312e-02 3.079299756670710736e-02 9.237595481570978762e-03 1.580845793872922775e-02 1.194624606147113438e-02 6.844481245972467570e-03 9.989173484124001801e-03 3.354494047237911031e-02 1.268768337639907852e-02 8.201273022162291343e-03 1.599402749467912499e-02 2.111555947548422740e-02 3.542884503740565544e-02 2.479793695629509825e-02 1.874908524692163111e-02 1.309259623017782273e-02 2.111554369543172660e-02 1.682845412377903527e-02 1.960140312327112930e-02 1.728758224913684582e-02 2.111555563879111835e-02 2.529918637371874474e-02 1.443273390306581624e-02 2.111554125621328826e-02 1.744216471749859138e-02 3.889985206463304063e-02 3.198918607750178555e-02 2.224200774002734610e-02 5.306754830093232678e-02 1.403996752871366875e-02 2.111554608759576637e-02 1.093189769044679294e-02 2.111555454045584840e-02 1.499726172945075285e-02 7.821809965930718103e-03 1.538919206653343447e-02 1.108096324469258834e-02 5.137173482380259087e-03 1.969478491232246053e-02 2.130900297885138239e-02 3.849836875515685874e-02 3.466702772816783462e-02 2.111555874788972886e-02 6.977592495370399557e-03 7.486085656947159828e-03 1.408133334753225094e-02 6.769809253253866559e-03 1.865690745174604370e-02 2.448129158675324546e-02 1.742697001961452524e-02 1.104722458558173720e-02 2.269134047151517494e-02 1.686704366892488594e-02 2.343753269453327515e-02 1.959579301453424210e-02
6.405450713970546779e-03 9.042669213063986300e-03 6.861949850375213822e-03 1.157261746680174341e-02 6.181262381901344617e-03 9.761999242113373124e-03 2.099374463454644832e-02 5.292751908592742763e-03 3.557236823136713383e-03 2.594935899111781158e-03 8.055261570417993414e-03 9.989566653266480911e-03 6.881453290393507900e-03 6.019026365142563992e-03 8.589637219918093078e-03 7.522565955556905458e-03 3.654713693850004334e-03 9.167228664362661594e-03 1.539105382891155661e-03 6.485368494967780340e-03 6.940531675401238193e-03 1.121000196276808469e-02 6.663122776583046622e-03 8.675868593378511032e-03 8.779466621390168146e-03 8.961599879128383586e-03 1.031039768993872660e-02 8.019047703483290351e-03 5.798977963891195457e-03 3.940411024896244355e-03 7.614919455374483288e-03 8.769944399412294908e-03 4.572769332501347601e-03 5.142641309733392459e-03 7.680770351956406686e-03 9.727945386275554940e-03 1.690154424471543640e-02 7.418965140934299408e-03 6.023498447733027263e-03 4.405327240695772022e-03 1.292002829974604923e-02 5.643562514831175492e-03 5.960030326810239303e-03 6.819929945214419503e-03 1.339298595136760410e-02 1.308166487812703269e-02 6.593408405780466774e-03 1.008416644514964662e-02 8.522391338844876457e-03 4.070858865083197900e-03 9.239680057821587911e-03 8.884393768420513829e-03 1.983647576149755176e-02 6.647568501922835292e-03 3.284751801150106142e-03 1.181682122872944329e-02 3.696372831104866637e-03 2.632910249519030202e-02 1.013784200895128870e-02 8.111923639904695255e-03 4.501815809991360599e-03 1.303856809212939998e-02 1.077504633809521842e-02 9.900612785911949709e-03 7.008713820770075785e-03 4.398058476044644505e-03 2.276700250239156384e-02 8.996406930475535357e-03 7.109918821225122421e-03 8.931434938406930535e-03 1.439785018630023242e-02 7.517467527645641488e-03 1.050162805714363601e-02 7.096750605570439907e-03 1.130273194892712427e-02 4.396278975586230715e-03 7.320865602280185978e-03 9.765162281488696042e-03 8.195974170981513637e-03 6.198780598034114506e-03 7.650909813152127238e-03 6.568172743009905064e-03 1.182036665012521984e-02 7.819838543684912158e-03 4.259910980130846708e-03 9.323763569311343397e-03 7.443614797951610476e-03 6.503692782314531018e-03 9.874213142939090859e-03 1.134696588208406777e-02 1.261933677599643908e-02 9.788032615202370279e-03 4.694137882286120167e-03 8.646927515603140477e-03 5.802631637185515223e-03 1.066518100170419162e-02 9.977011080698953635e-03 1.487357237138159502e-03 5.224393718321663355e-03 4.665417084330618705e-03
4.745702446141459793e-03 5.086492358050045959e-03 3.096766195265953942e-03 5.300954491910953893e-03 2.943927985745119040e-03 5.186655553670388268e-03 3.269716799918590336e-03 4.287805017032025531e-03 2.254425592432432110e-03 5.407995961763711716e-03 5.758624271722771401e-03 5.388878953457508850e-03 3.964502118893401157e-03 3.460355582414283929e-03 6.242471608655940189e-03 3.903842387286741988e-03 3.557403205041408546e-03 5.771651083588332475e-03 1.832271538339779121e-03 2.675999219745400781e-03 4.021446009242034790e-03 7.867254842041487492e-03 1.741434502499545267e-03 6.182248996707631790e-03 4.525643354337147498e-03 7.452475265628939055e-03 3.003331712430485842e-03 5.460698035265440682e-03 5.977646774922148673e-03 2.023683349670510941e-03 4.050504441513863574e-03 4.354402400546337690e-03 4.407218424659745809e-03 3.503727211564786840e-03 4.806078937443685264e-03 5.059657199405373680e-03 2.705984171310798700e-03 4.918483397298683939e-03 3.834628408967889583e-03 3.106293770257574725e-03 4.626367180477809933e-03 4.863214759630446471e-03 3.501402035730274455e-03 4.627232341782514836e-03 5.614585936884641110e-03 6.242884623368335009e-03 8.028626647812578399e-03 7.269775597447450909e-03 3.146516305192034648e-03 2.474245978894254201e-03 5.394113051699095385e-03 3.964341913053402548e-03 6.152610357059740478e-03 5.695000946295069623e-03 2.762883484629426699e-03 2.337834518106868178e-03 4.442374585873945514e-03 1.894292525019294210e-02 3.485906810117992641e-03 3.397605081251037305e-03 3.150135337483762812e-03 1.222390253699591305e-02 6.023048011089622740e-03 5.022840404031211035e-03 3.584012468812986831e-03 3.956555816707717568e-03 4.428929072317191150e-03 3.092780055806629118e-03 4.755834902677866065e-03 6.875962513261744090e-03 1.329988371083275570e-02 3.100411384581544961e-03 5.659921901529623572e-03 5.270906588552723600e-03 8.140591481024573445e-03 7.126636095512558361e-03 5.255478402309493070e-03 3.663500587513386121e-03 2.447178418648519004e-03 1.871907035269728022e-03 6.390292107403983818e-03 3.180060107746694124e-03 6.687594695224349274e-03 4.942115674330487679e-03 3.327357565060859619e-03 2.001293193995821919e-03 3.762582028905125248e-03 4.635088186838047519e-03 5.668326444534467837e-03 4.871394757064283904e-03 7.459233237790904164e-03 6.392109757172192118e-03 3.653152270020695695e-03 4.676795999505839289e-03 2.181688999775792306e-03 2.482918332639372401e-03 4.565473453077807491e-03 4.088108572978092943e-03 2.379259015128023288e-03 6.123542779366350150e-03
3.126227499239173525e-03 2.306868081534220460e-03 2.205001840316687597e-03 3.986737456691154258e-03 1.439199295267392948e-03 3.217600847301375910e-03 2.254913138300598287e-03 3.947259705880888300e-03 2.216431934330459399e-03 2.347345199934203121e-03 1.608801815994128801e-03 2.367446970174120341e-03 1.693691669089523576e-03 2.690673483146375101e-03 3.380614372156140208e-03 1.631012287953598292e-03 1.699724145114185538e-03 3.399404031878478557e-03 3.514093940831772983e-03 2.190547770761050190e-03 1.440709121317838241e-03 2.001251951737893255e-03 2.237723389926086267e-03 3.106244802412914084e-03 2.879862777808069214e-03 3.125630623995227352e-03 2.652993803583730565e-03 1.773993468645524265e-03 3.664664402224993532e-03 2.238176753968766468e-03 1.651282805407201879e-03 2.929520880631475421e-03 1.140120259592188783e-03 1.036232151418065147e-03 1.976208017528635359e-03 2.346358582501019419e-03 2.095322993843361497e-03 1.526060833761822260e-03 1.818927242866683926e-03 3.488475197758630648e-03 1.616130822813125053e-03 1.937781164144529748e-03 3.038327659642239224e-03 2.309623854648122903e-03 3.481781421073978835e-03 2.589243303808707979e-03 3.546385128217900695e-03 4.015946243683233587e-03 3.215730216974015555e-03 1.832381178340812284e-03 2.100729572014741961e-03 3.114527378068237054e-03 1.639453985301938263e-03 4.304036251022227977e-03 1.852927878827419781e-03 2.562172203205309497e-03 1.865575748053883770e-03 4.408031367460045653e-03 3.881703099505562013e-03 1.706595871630403258e-03 4.093681087474341194e-03 3.116837477038199647e-03 5.478942937899125218e-03 2.543084872052063083e-03 1.952960131817301544e-03 2.807036209237973902e-03 2.843257001802323124e-03 1.667113900096643501e-03 2.675479317503504095e-03 2.291445801656757930e-03 1.382021373593184804e-03 3.498361819328324549e-03 2.282856810764415014e-03 2.104626623790571780e-03 3.568892618986235256e-03 3.588665574862835717e-03 2.791887757853262625e-03 2.356087638210313789e-03 1.808585820452799373e-03 4.813848645268141348e-04 2.518575627050528582e-03 1.272823747118927455e-03 2.789698918913730442e-03 2.074081164996985013e-03 2.516279994708662399e-03 2.295001720468438453e-03 3.342306354964801659e-03 2.270788865287387895e-03 3.119309314075335848e-03 2.866552901154971467e-03 2.546918741807472665e-03 4.710967148636260350e-03 9.256909680658924854e-04 2.198507832853017173e-03 1.372016072766371261e-03 1.672887521656369865e-03 1.494094351942669516e-03 1.637806375278073054e-03 2.742586643282008806e-03 2.790261624737641871e-03
1.426224693570314703e-03 2.135645244372094860e-03 1.462725907742208013e-03 1.970878383638546404e-03 8.710122868103073847e-04 1.391970195805932418e-03 9.133054940528550483e-04 1.042185369354229870e-03 9.546085858548974913e-04 1.132074062419142829e-03 1.126415879066256821e-03 1.146672247079335780e-03 6.427355190628005182e-04 1.044696306279296102e-03 1.628316393233937478e-03 1.114156105457055458e-03 2.027205632641287253e-03 1.396867009906839659e-03 1.427680959082074791e-03 1.217215625667473784e-03 1.054336465004364560e-03 1.417794267892155940e-03 1.926671576510815458e-03 1.318717915707768792e-03 1.199891542240143867e-03 2.009171439319192703e-03 1.220035567024093650e-03 8.432499825199115838e-04 1.777120784160701522e-03 7.814175369685286317e-04 1.353217670632076873e-03 1.424196730880225668e-03 1.591891709813139048e-03 1.142383559577328338e-03 2.031614581516588084e-03 9.897516474330840097e-04 9.755280292453193027e-04 1.953540195559409949e-03 1.571241595321870924e-03 1.094788382479160941e-03 9.285667173226189739e-04 1.120318299751519101e-03 1.313791935163554150e-03 1.475553080183668840e-03 1.584310690779113613e-03 1.264696524604237487e-03 8.542892212852907022e-04 1.254555981824398772e-03 1.313206753853962466e-03 8.109193380526764612e-04 9.214351017674385141e-04 1.234105909360768642e-03 6.021774734698414223e-04 2.262563904237070624e-03 9.467821521071423819e-04 6.489512745766599531e-04 9.145435854117213523e-04 1.428544508915672532e-03 1.246419252995110668e-03 1.218064437199005336e-03 8.790295516632366064e-04 1.339212589295194888e-03 1.598488410126746272e-03 8.003663631867920019e-04 1.361552025604125839e-03 5.644548026592994183e-04 1.398254651765918396e-03 9.438964856551979726e-04 1.643304526923205318e-03 1.387634862507454566e-03 1.005973212143371079e-03 1.700779671568737822e-03 1.729876185986039486e-03 1.356117360812573178e-03 1.465280901386477623e-03 2.357650394491758467e-03 1.220183796154122782e-03 1.498867696611053428e-03 1.762244628468682527e-03 1.092251600033475410e-03 1.183529757702941193e-03 7.332917984608262755e-04 1.061161162517480511e-03 1.790635325830227222e-03 1.107077152845790859e-03 6.887235044443097004e-04 1.236884788178759832e-03 1.279064568415786557e-03 8.306083901181285974e-04 1.534621229895098736e-03 1.754421385486351756e-03 2.251314537850641982e-03 1.044383184464277694e-03 9.154250507054760436e-04 1.178719489962246503e-03 1.218510040651111940e-03 1.692967343753888285e-03 9.932244074248727187e-04 1.628306778700351100e-03 1.112431652835138909e-03
2.119887734656172146e-04 5.937058838214575706e-04 2.045542634916774991e-04 7.601696588458305322e-04 8.356840651480085735e-04 7.144894062010281183e-04 7.481388494892571208e-04 8.795335273598086506e-04 8.896973542556838727e-04 6.291263080695999209e-04 7.496777329863511113e-04 1.120283525484627729e-03 5.175308837670989856e-04 8.443551929597345376e-04 4.836128400375004069e-04 4.854564117250471174e-04 9.300985188155036585e-04 3.923070306201085502e-04 1.031955866886634073e-03 9.034562516481498733e-04 4.137800644323081072e-04 7.825108347294459791e-04 1.691066664221448860e-03 6.025166633313133692e-04 5.327197667842798086e-04 1.408484076413429615e-03 8.139089832373781405e-04 3.330116358763925838e-04 8.165589322698436773e-04 8.287958738463957519e-04 1.133698559597873506e-03 9.146757400072346280e-04 7.994499668341877247e-04 9.788158434482605204e-04 5.510833678770413928e-04 3.759422479509172714e-04 5.062835919947768258e-04 4.973995002015763793e-04 8.967784357036059917e-04 9.257745778411757094e-04 3.996499243151600237e-04 5.409920027023240553e-04 9.821137544410640449e-04 1.110004034359308956e-03 1.067471438847310663e-03 5.258169851197041491e-04 3.709561116841670453e-04 4.984397838653550471e-04 6.201518660734371344e-04 9.817089602488433039e-04 1.012807198179142918e-03 5.172826347849602581e-04 3.927085401695217643e-04 1.158453658770757389e-03 4.029684325152069397e-04 5.636024813271358789e-04 1.079119458453212587e-03 5.451884734068741930e-04 1.102058466526601582e-03 6.664489678073840786e-04 8.440383318527060934e-04 5.823843483143639234e-04 5.144430138648682996e-04 4.857768939772348421e-04 3.158609589721515809e-04 4.124863373094609016e-04 7.803224969170989003e-04 1.316143382100476563e-03 4.528110356232172787e-04 5.644415841782053200e-04 6.158426890820951124e-04 6.826275788237635457e-04 7.030739488572179717e-04 1.163389680390794836e-03 1.031594062610899365e-03 8.384895887226405040e-04 7.142737079964421500e-04 1.075159004052842274e-03 2.629989980811366372e-04 6.443290067407838381e-04 8.959213486789582544e-04 6.487161278655111758e-04 1.412033750471156611e-03 1.373451275061197269e-03 5.418421359424663297e-04 4.668676835639032764e-04 5.191305688321554493e-04 7.901250296092394597e-04 5.028251869958859366e-04 9.521912452335568955e-04 3.712089558830799249e-04 2.698733526186489705e-04 8.517607992730579121e-04 5.508729274520537348e-04 4.512120257784734746e-04 1.192752304995400294e-03 9.689909973842448327e-04 4.692442238599805289e-04 9.281918314471956834e-04 8.059213564746961402e-04
5.281431611805161063e-04 2.096723388886715680e-04 4.173172161666476813e-04 3.107555157333041686e-04 2.925022466211634723e-04 4.456776201449370932e-04 2.283758777798175087e-04 3.737869005262279979e-04 5.736584857410726920e-04 1.935522087832751664e-04 2.866291459190892536e-04 3.490288260104783117e-04 3.668219299478567069e-04 2.395193593501767531e-04 5.215508897077970928e-04 1.886866234387137421e-04 2.801865114202012493e-04 4.692929574213409441e-04 2.328508655815864363e-04 4.992087196307652512e-04 4.016800395297444575e-04 3.342897469206368693e-04 8.279241258446108382e-04 2.475896599252379272e-04 3.336324115560318146e-04 1.001348759828180404e-03 4.791486775296549257e-04 2.651167805385693530e-04 5.808231945914259318e-04 3.332196606461916653e-04 3.795085259400556932e-04 3.727427528948690791e-04 4.319927356529672203e-04 3.444633068661253229e-04 2.841680430889281035e-04 2.987444508340396268e-04 4.450676055271037186e-04 7.374649163018623605e-04 4.828005937400534054e-04 2.042126774356339044e-04 2.569826845316744543e-04 5.857898960568107532e-04 4.096246430662977829e-04 2.978287360420397989e-04 3.737070959909549630e-04 2.116279974154947725e-04 3.740797881625436742e-04 2.035381330688193794e-04 4.535855889747197455e-04 4.742074556182005927e-04 6.716140808455672850e-04 3.561052051314268795e-04 4.404940691636780817e-04 5.373451678621998882e-04 3.496514429080656143e-04 4.054920882421748788e-04 3.324995736202214069e-04 4.056190708010034272e-04 5.958266629877782133e-04 4.021765593699833498e-04 4.038785027951919673e-04 3.460642635627657815e-04 2.946997319825036274e-04 5.577575001269473223e-04 2.245422623422910582e-04 3.381837790349267753e-04 4.575356824025482764e-04 5.497855927551722121e-04 3.079669435357655356e-04 3.578513784687835072e-04 3.587035506529797951e-04 3.241652258357948999e-04 2.061036109123072480e-04 2.322111197376473314e-04 4.325236271990729841e-04 3.387129370051504638e-04 4.374176664698081101e-04 3.396381103952182657e-04 2.530171408867927041e-04 5.481800861841948716e-04 3.531874844407505132e-04 3.240119967673005599e-04 4.832182138509339168e-04 5.617349346094379497e-04 3.104905934861715202e-04 2.786349997153125292e-04 5.068416468599399151e-04 3.203747631519458859e-04 2.816929515082726714e-04 4.564756268232979339e-04 2.563983991292841146e-04 3.082414312378204150e-04 2.109028969286552973e-04 3.392007856668659348e-04 3.217687870998866238e-04 3.777532817077413219e-04 4.459673806312931072e-04 4.175714333625414804e-04 4.449210247287871921e-04 2.147963548680852292e-04
2.486388184693209369e-04 1.969177756817261653e-04 1.702867967571769611e-04 1.957567336898743179e-04 2.392956888512238838e-04 9.541816973483731020e-05 2.916660185998151515e-04 1.788857492428825723e-04 1.169203257118956720e-04 2.465714995746129141e-04 1.919887753824773874e-04 2.245052079271478906e-04 2.594460488266070192e-04 1.149598252815881803e-04 2.888496568475778332e-04 5.372419529771771125e-05 2.913380701730108294e-04 1.650184807076073305e-04 1.136434267436302835e-04 4.136383686776323948e-04 3.266930801990988514e-04 2.123864824114563314e-04 6.032348672876093696e-04 1.462800076913391178e-04 1.699666856168734609e-04 6.397343739271589688e-04 1.967915177654244003e-04 4.370642586271277451e-05 1.536438307604821277e-04 1.561598506348983284e-04 1.606492329575010404e-04 1.989247403509162692e-04 3.855657578785173616e-04 4.741959109108209031e-04 2.451393339668909922e-04 1.216461157701622086e-04 1.321234526068492115e-04 1.882024052778196572e-04 3.056166350340556504e-04 1.463647297028415910e-04 1.057196786942094706e-04 1.398032253494497427e-04 1.742263840538491428e-04 7.592115314932204801e-05 1.558782144365263435e-04 1.275715791413077073e-04 2.854181161363262610e-04 2.137544624004776355e-04 3.356251867589324692e-04 2.103750992014587651e-04 2.086891504897652827e-04 3.154077635236113308e-04 2.575985918443307555e-04 3.491191772927874958e-04 2.746129020368173442e-04 3.284160631437065122e-04 2.903521953970984726e-04 6.773501534066707873e-05 4.900072466781408989e-04 3.439386513830554716e-04 1.096905529581048843e-04 2.372051926227204980e-04 2.714217043545650589e-04 2.632276467402689703e-04 1.981682034616649734e-04 1.627490561022681861e-04 3.449714689920483366e-04 4.043481325878889765e-04 1.357025221977450566e-04 3.835299614629516466e-04 2.893637125549721129e-04 3.545444299853412634e-04 3.035212945047130527e-04 1.490270777103274661e-04 1.397002709786721530e-04 2.510773773760066325e-04 2.545418635174608794e-04 3.404559971258557124e-04 2.052263636008474590e-04 2.229288889311558481e-04 1.395253499784432968e-04 2.007697940841633624e-04 2.154054728944672392e-04 2.615751861697774043e-04 1.581999651326617589e-04 2.235400097556742053e-04 1.290733175334788426e-04 2.205864258065528237e-04 1.788669499599453605e-04 1.539107009943299609e-04 1.379064007524157941e-04 1.848025495229628295e-04 1.929782880557990568e-04 2.813450864762426814e-04 2.698435165161322449e-04 2.643375469547509272e-04 2.015466899831499722e-04 2.078886006431367758e-04 2.111976323698386672e-04 2.380885513382597566e-04
1.064384371185060234e-04 1.510516605975297498e-04 2.223012229171423984e-04 1.944401820636423622e-04 1.482466227551368907e-04 7.263476575568223500e-05 1.452700977345014780e-04 1.191898734090195334e-04 1.305114657876369605e-04 1.060201971321969914e-04 7.060456915098684168e-05 1.069428936047866639e-04 1.380001865739248956e-04 6.470267799113840182e-05 8.616538811959426969e-05 9.214784190111831612e-05 1.091841397235010562e-04 2.188999666888988434e-04 6.210606609312814043e-05 1.460025841122150603e-04 2.100902069629725195e-04 2.848320770835673934e-04 1.620375219685658028e-04 1.584130075918923004e-04 1.284271920214807698e-04 3.889806196862935776e-04 1.054445107766217925e-04 7.876902843511181338e-05 7.816922586527239774e-05 1.230533698189093038e-04 1.319050234170038825e-04 9.123336433603697880e-05 2.755540420255764441e-04 3.192720450707839126e-04 3.635727943746398333e-05 1.147768037480343826e-04 8.191445514310446822e-05 1.210098900434501755e-04 1.888533200584329927e-04 8.410797502532646810e-05 1.564233077132894090e-04 1.119041695940647756e-04 7.397181368620478665e-05 2.120829886406043799e-04 1.835111829022341825e-04 5.682934344229259788e-05 1.456829909002445669e-04 9.650702418699038537e-05 2.674534530054426896e-04 1.218974792624571014e-04 1.050146143563462399e-04 3.559870500577993146e-04 2.670634896700960301e-04 1.116048125068002278e-04 9.907498156310119188e-05 5.321150992580036144e-04 2.919887100561082815e-04 9.503922874935381892e-05 3.491813375242286757e-04 8.797236079692029830e-05 1.051593964667813213e-04 1.189263219054004266e-04 8.544942644245472757e-05 8.213152212489022890e-05 9.283253894852776884e-05 1.840576141626475539e-04 2.199654455826624002e-04 3.577479468939525177e-04 1.399813109274557525e-04 1.002485094231438524e-04 1.343527716385459377e-04 1.845832488487764557e-04 5.802634093853252246e-05 2.707643117476221271e-04 1.132226825021865832e-04 3.570309070911281647e-04 6.329704549075031389e-05 1.411474505563357527e-04 2.968374470139320456e-04 1.457736596232318512e-04 1.279844167695092438e-04 9.104420324501960083e-05 2.291125039186072115e-04 5.275870331051155343e-05 1.012264018497400033e-04 4.925843277580513704e-05 1.660958067495182109e-04 1.940959005860513756e-04 1.166344628118529911e-04 6.121412894735245704e-05 1.356243359279377439e-04 7.518191911876431700e-05 9.377342895560229210e-05 2.268248803339007564e-04 1.061555535461865518e-04 3.479752147003680948e-04 2.496609598869621973e-04 1.708818946475408975e-04 7.237893998931739861e-05 1.021856452512477355e-04
3.391102312831062844e-05 1.537475517248201580e-04 1.863969267320605256e-04 1.185991743191631292e-04 1.553126150892124801e-04 5.019525179106527538e-05 8.544101807823412456e-05 9.974982441386921284e-05 4.289916480124584847e-05 5.672996460124066453e-05 4.953632825659797770e-05 4.703959110529975271e-05 6.715028863683405774e-05 4.816659957795457248e-05 6.552865920390667112e-05 7.720726334247247035e-05 1.013326436728667005e-04 2.567408513188084557e-04 8.877546545279561244e-05 1.637857083257172582e-04 2.301996273594504637e-04 2.773236062091213134e-04 1.275023332610568123e-04 1.170572710550320581e-04 6.248490526896302946e-05 3.753215496316002903e-04 9.827678007682014811e-05 4.810725856869227390e-05 7.195588937723404780e-05 1.564993204008366607e-04 1.139852774273407578e-04 5.407390335121265600e-05 2.185615475161502665e-04 2.710112171945911808e-04 3.470080853709039178e-05 1.271473916618561125e-04 4.453718407598121417e-05 1.222248529876731845e-04 1.404291291408005043e-04 8.213592192436617939e-05 1.764866506752745695e-04 6.024688827818499453e-05 3.427314338356648977e-05 1.405487866608235554e-04 1.480390821844125787e-04 7.008355393560262796e-05 1.807974723925407853e-04 6.261736778895722177e-05 2.819251515719580371e-04 6.082116476695111974e-05 5.882258812818322595e-05 3.123089166867302861e-04 2.337838880206552408e-04 5.896332994363725588e-05 4.642799948251685911e-05 4.770187498714546499e-04 2.438371869219967646e-04 3.355362981735620883e-05 3.640958017714787881e-04 8.633351377685327070e-05 6.978014788763011985e-05 7.165889849991248983e-05 8.419871965041788014e-05 4.367917801160498155e-05 5.024561328195727248e-05 1.206676806508935325e-04 2.479356748878663126e-04 3.397218502282348443e-04 1.944294423373712447e-04 1.016402737383687060e-04 1.916302855918558350e-04 1.995964880898477996e-04 5.500733659950802205e-05 2.882802836030323051e-04 4.560827436048149863e-05 2.861313735286836395e-04 5.380734854593292806e-05 8.180519729525903528e-05 3.263276233386420500e-04 9.068604159004154265e-05 1.377317435258748070e-04 4.165135350588719933e-05 2.193823569776092103e-04 7.931269082275901221e-05 6.119937305545842686e-05 4.852588925558810467e-05 9.542770832870197349e-05 1.828289382926846026e-04 6.733224327500446902e-05 9.287602983013145764e-05 6.742961282143184582e-05 4.997267633067606319e-05 3.392109657735973248e-05 2.518451309233811302e-04 6.876180542418492141e-05 4.213890830846604490e-04 2.371183228861178829e-04 1.636810209678016530e-04 2.559473510910410810e-05 6.054018319017640009e-05
4.260538081440857442e-05 1.672808797293929412e-04 1.864591692179245423e-04 9.300374557680995708e-05 1.653790884147415688e-04 2.910457117138437054e-05 3.313114019326252843e-05 1.105262864068576404e-04 4.420901522197836434e-05 5.012328302041798179e-05 4.145792665279693481e-05 3.200282387945675271e-05 3.628454469984470455e-05 5.354331004362688611e-05 5.451386257687271979e-05 7.725860744024602321e-05 9.849026219346709290e-05 2.628418731429821645e-04 8.228609325195714551e-05 1.436354337009720298e-04 2.054192145504552349e-04 2.917195089214926927e-04 1.401529792407258561e-04 1.336217227494515959e-04 1.028990672819893521e-04 3.848292455298108904e-04 1.013225334253513651e-04 3.527866433097478994e-05 8.024255368784192198e-05 1.459795689632952258e-04 1.147355254331838110e-04 7.765661722033081094e-05 1.966010130944229766e-04 2.668000011624911444e-04 2.699874424399731696e-05 1.253559414538945606e-04 2.816628696329468047e-05 1.058090927091747313e-04 1.206501590130851210e-04 8.350246131925123303e-05 1.912727771194898602e-04 6.842031457158123903e-05 2.330548202407987596e-05 1.321482642457877767e-04 1.522256414697943563e-04 6.751526158448937338e-05 2.147230300667798194e-04 4.227581704699872678e-05 2.715065900500476933e-04 5.885508685663128748e-05 4.175982200446210152e-05 3.454581297125063457e-04 2.312562322097029327e-04 6.907928688894323234e-05 5.348657878216676805e-05 4.581819845638069981e-04 2.402043908789573950e-04 3.128954160013364247e-05 3.602976850276317158e-04 6.392033554440320080e-05 7.457287925367769551e-05 6.918000893841084152e-05 8.739223393505487320e-05 5.428175497140660325e-05 3.809443048819814676e-05 1.266864176886737549e-04 2.275378367004891259e-04 3.402621155078890906e-04 2.041485865945530669e-04 1.047812429024915897e-04 1.701291920476567592e-04 2.047431650236908535e-04 5.224705322764543208e-05 2.616530123063371934e-04 3.240185019811121683e-05 2.737448532673359379e-04 4.168619806928400382e-05 8.832626777039703629e-05 3.054080030040352400e-04 5.284880620897865178e-05 1.362929271472824663e-04 4.470710972861390812e-05 1.840666160320464286e-04 7.483532160643122165e-05 3.915217698108921498e-05 3.357096735821178245e-05 7.937275637175427638e-05 1.796945443031018488e-04 6.666390773405721367e-05 1.022578557696826091e-04 5.878048509989141170e-05 2.800245029603086090e-05 4.032391681032361578e-05 2.493141792058901365e-04 5.420133643369223016e-05 4.492254791457467701e-04 2.383609029549661295e-04 1.786881728173733209e-04 2.709963220155707487e-05 3.626429044055995936e-05
